ids,bandgaps,_chemical_formula_sum,_chemical_formula_weight,_space_group_IT_number,_symmetry_cell_setting,_symmetry_space_group_name_H-M,_cell_angle_alpha,_cell_angle_beta,_cell_angle_gamma,_cell_formula_units_Z,_cell_length_a,_cell_length_b,_cell_length_c,_cell_measurement_reflns_used,_cell_measurement_temperature,_cell_measurement_theta_max,_cell_measurement_theta_min,_cell_volume,_diffrn_radiation_wavelength,_diffrn_reflns_av_R_equivalents,_diffrn_reflns_av_sigmaI/netI,_diffrn_reflns_limit_h_max,_diffrn_reflns_limit_h_min,_diffrn_reflns_limit_k_max,_diffrn_reflns_limit_k_min,_diffrn_reflns_limit_l_max,_diffrn_reflns_limit_l_min,_diffrn_reflns_number,_diffrn_reflns_theta_full,_diffrn_reflns_theta_max,_diffrn_reflns_theta_min,_exptl_absorpt_coefficient_mu,_exptl_absorpt_correction_T_max,_exptl_absorpt_correction_T_min,num_atoms,coulomb_original,coulomb_padded,eig
4020749,3.54,C13 H16 O3 S,252.32,19.0,5.0,P 21 21 21,90.0,90.0,90.0,4.0,5.2719,8.0229,30.5228,-100.1,296.0,-100.1,-100.1,1290.99,-100.1,-100.1,-100.1,-100.1,-100.1,-100.1,-100.1,-100.1,-100.1,-100.1,-100.1,-100.1,-100.1,-100.1,-100.1,-100.1,132,"[[5.00000000e-01 6.38268643e-02 2.38186047e-01 ... 7.37897856e-01
  1.53939411e+00 4.10341584e-01]
 [6.38268643e-02 5.00000000e-01 6.00608990e-02 ... 1.25506978e+00
  7.24038490e-01 1.53939411e+00]
 [2.38186047e-01 6.00608990e-02 5.00000000e-01 ... 7.24038490e-01
  1.33987629e+00 3.81376204e-01]
 ...
 [7.37897856e-01 1.25506978e+00 7.24038490e-01 ... 7.35166947e+01
  9.83584730e+00 6.09927291e+00]
 [1.53939411e+00 7.24038490e-01 1.33987629e+00 ... 9.83584730e+00
  7.35166947e+01 4.13747768e+00]
 [4.10341584e-01 1.53939411e+00 3.81376204e-01 ... 6.09927291e+00
  4.13747768e+00 7.35166947e+01]]","[[0.5        0.06382686 0.23818605 ... 0.         0.         0.        ]
 [0.06382686 0.5        0.0600609  ... 0.         0.         0.        ]
 [0.23818605 0.0600609  0.5        ... 0.         0.         0.        ]
 ...
 [0.         0.         0.         ... 0.         0.         0.        ]
 [0.         0.         0.         ... 0.         0.         0.        ]
 [0.         0.         0.         ... 0.         0.         0.        ]]","[671.8353565557014, 452.9415278355248, 396.2685000410437, 376.42108155393606, 221.73248239375496, 185.26688303964525, 129.60930782007858, 117.29963542721202, 113.17983426370007, 103.1413592526318, 101.63092391183062, 83.06757582430645, 64.5572030931569, 59.91074127691405, 59.09421035287294, 57.70796162965052, 54.23271651600845, 51.90198293104735, 50.045061530001185, 48.7912808592425, 44.27737686716588, 43.65589231396102, 41.74539202996445, 40.8482731443092, 39.16474282970458, 38.15930785301693, 36.63013375616261, 35.70986189106778, 35.44753905016499, 35.16851742929101, 33.236554345982555, 32.81298815829718, 32.62519717233758, 31.913680576555265, 31.068163036683007, 30.81250959863831, 30.305435444803404, 29.343315426643397, 27.708744811596063, 27.145710885900183, 23.92036249264689, 23.69591406726407, 22.8903035811894, 22.084874766304623, 20.960835812507714, 20.586203373123187, 15.253326874785238, 15.170265420040884, 14.993893032147128, 14.90125764118366, 9.504211538757874, 9.259699222030008, 9.059769998141364, 8.774275657885168, 8.325945810548598, 7.859884783583035, 7.853274388057338, 7.807329129081236, 7.756302869309301, 7.663652998641164, 7.270069652159602, 7.089256950156464, 4.832522945260999, 4.246703132711076, 4.059643517019313, 3.8593658171445644, 2.587085125745923, 2.550605100012218, 0.6814463509752473, 0.47857008134079315, 0.3558835622039793, 0.3423596634036726, 0.3349134260885382, 0.3236417808882385, 0.29489926811962647, 0.294446108647814, 0.265155722785599, 0.17929285966046388, 0.16254848236837943, 0.15835656707382215, 0.151602957117348, 0.13630853163687964, 0.12087535260509609, 0.10847310500005482, 0.0, 0.0, 0.0, 0.0, 0.0, 0.0, 0.0, 0.0, 0.0, 0.0, 0.0, 0.0, 0.0, 0.0, 0.0, 0.0, 0.0, 0.0, 0.0, 0.0, 0.0, 0.0, 0.0, 0.0, 0.0, 0.0, 0.0, 0.0, 0.0, 0.0, 0.0, 0.0, 0.0, 0.0, 0.0, 0.0, 0.0, 0.0, 0.0, 0.0, 0.0, 0.0, 0.0, 0.0, 0.0, 0.0, 0.0, 0.0, 0.0, 0.0, 0.0, 0.0, 0.0, 0.0, 0.0, 0.0, 0.0, 0.0, 0.0, 0.0, 0.0, 0.0, 0.0, 0.0, 0.0, 0.0, 0.0, 0.0, 0.0, 0.0, 0.0, 0.0, 0.0, 0.0, 0.0, 0.0, -0.07879444921737315, -0.0816415472183729, -0.09310035659298341, -0.10714996477993605, -0.1125085400418031, -0.12802148666244145, -0.13401692568985543, -0.13513804093697213, -0.151122315230666, -0.15455344715103622, -0.16176184009438827, -0.18822915895193626, -0.18983415086106598, -0.2118836267735016, -0.2193101874964442, -0.4470148181874156, -0.44857257091471203, -0.4757298324078518, -0.49016805315549405, -0.526328008968904, -0.5296130766871467, -0.5475811349844107, -0.5802418819707996, -0.6422700607771002, -0.6503814469952273, -0.7045332141421797, -0.721824817428214, -0.7838984180707426, -0.8220132974326033, -0.886457267472232, -0.8908125114424303, -0.9482968087360822, -0.9494251066235219, -0.9677732523367932, -0.9701858055050573, -1.0216036277864318, -1.0365928257073895, -1.0453575889439963, -1.0573830834624587, -1.120777318914091, -1.1621173234462718, -1.1697040304150181, -1.1820551726336361, -1.2919965887776137, -1.4409678734854707, -1.6197256896959726, -1.6630527445032077, -1.7634798436261463]"
2240611,4.1,C5 H8 O2,100.11,2.0,-100.1,P -1,67.743,75.518,64.401,2.0,6.7336,6.7821,7.2349,4399.0,150.0,28.65,3.06,274.29,0.71073,0.0255,-100.1,8.0,-8.0,8.0,-8.0,9.0,-9.0,7544.0,25.242,27.992,3.059,0.093,0.97,0.81,30,"[[ 0.5         0.23300533  0.35907914  0.25020563  0.18078526  0.15382914
   0.29693286  0.20821622  0.19539496  0.33420489  0.1812004   0.32300996
   0.42319357  0.19658294  0.23419426  0.21407427  2.85250763  1.67460677
   6.31777661  1.55910706  3.03983648  1.47063194  2.22943796  1.19493683
   2.32569905  1.06501016  3.21928019  1.98322347  2.49160101  2.21087475]
 [ 0.23300533  0.5         0.25020563  0.35907914  0.15382914  0.18078526
   0.20821622  0.29693286  0.33420489  0.19539496  0.32300996  0.1812004
   0.19658294  0.42319357  0.21407427  0.23419426  1.67460677  2.85250763
   1.55910706  6.31777661  1.47063194  3.03983648  1.19493683  2.22943796
   1.06501016  2.32569905  1.98322347  3.21928019  2.21087475  2.49160101]
 [ 0.35907914  0.25020563  0.5         0.18556842  0.13349116  0.21296259
   0.41560652  0.17167886  0.30596714  0.18326658  0.29092068  0.17268113
   0.27461482  0.20623862  0.18958161  0.23877004  2.32863835  1.50314605
   3.06754416  1.44688465  6.3162528   1.20122143  2.84550882  1.03944847
   1.76055308  1.0591627   2.07460705  2.22845654  3.1323504   1.69829007]
 [ 0.25020563  0.35907914  0.18556842  0.5         0.21296259  0.13349116
   0.17167886  0.41560652  0.18326658  0.30596714  0.17268113  0.29092068
   0.20623862  0.27461482  0.23877004  0.18958161  1.50314605  2.32863835
   1.44688465  3.06754416  1.20122143  6.3162528   1.03944847  2.84550882
   1.0591627   1.76055308  2.22845654  2.07460705  1.69829007  3.1323504 ]
 [ 0.18078526  0.15382914  0.13349116  0.21296259  0.5         0.0886335
   0.15751791  0.14353036  0.11078312  0.3513216   0.11399387  0.23888895
   0.22715168  0.12261253  0.347306    0.10770768  0.84637433  1.29568645
   0.96227122  1.07296304  0.89647329  1.09211294  0.94071874  0.88262099
   1.13148354  0.74586052  1.16558241  1.46607263  0.98254874  2.35438632]
 [ 0.15382914  0.18078526  0.21296259  0.13349116  0.0886335   0.5
   0.14353036  0.15751791  0.3513216   0.11078312  0.23888895  0.11399387
   0.12261253  0.22715168  0.10770768  0.347306    1.29568645  0.84637433
   1.07296304  0.96227122  1.09211294  0.89647329  0.88262099  0.94071874
   0.74586052  1.13148354  1.46607263  1.16558241  2.35438632  0.98254874]
 [ 0.29693286  0.20821622  0.41560652  0.17167886  0.15751791  0.14353036
   0.5         0.14086403  0.19839281  0.19715248  0.22309664  0.16680994
   0.42101697  0.15465826  0.26095164  0.15549855  1.36620298  1.60568613
   1.91444196  1.28276483  2.9409533   1.05461842  6.06056466  0.87090387
   2.90798376  0.84745781  1.47819392  2.64529363  1.67603599  1.96304538]
 [ 0.20821622  0.29693286  0.17167886  0.41560652  0.14353036  0.15751791
   0.14086403  0.5         0.19715248  0.19839281  0.16680994  0.22309664
   0.15465826  0.42101697  0.15549855  0.26095164  1.60568613  1.36620298
   1.28276483  1.91444196  1.05461842  2.9409533   0.87090387  6.06056466
   0.84745781  2.90798376  2.64529363  1.47819392  1.96304538  1.67603599]
 [ 0.19539496  0.33420489  0.30596714  0.18326658  0.11078312  0.3513216
   0.19839281  0.19715248  0.5         0.13884644  0.62503116  0.13582187
   0.159356    0.33695044  0.14662941  0.31206685  1.63509138  1.3244463
   1.41421811  1.57904568  1.50334884  1.29887268  1.16141833  1.26510957
   0.94128768  1.5762133   1.71590483  1.91582786  2.88660184  1.40441595]
 [ 0.33420489  0.19539496  0.18326658  0.30596714  0.3513216   0.11078312
   0.19715248  0.19839281  0.13884644  0.5         0.13582187  0.62503116
   0.33695044  0.159356    0.31206685  0.14662941  1.3244463   1.63509138
   1.57904568  1.41421811  1.29887268  1.50334884  1.26510957  1.16141833
   1.5762133   0.94128768  1.91582786  1.71590483  1.40441595  2.88660184]
 [ 0.1812004   0.32300996  0.29092068  0.17268113  0.11399387  0.23888895
   0.22309664  0.16680994  0.62503116  0.13582187  0.5         0.1273466
   0.16495106  0.24746398  0.15959858  0.21121256  1.30272186  1.42732268
   1.27208485  1.54472857  1.45561322  1.19587927  1.22321624  1.09513177
   0.97327656  1.27883251  1.4089267   2.32607338  2.01304382  1.47967601]
 [ 0.32300996  0.1812004   0.17268113  0.29092068  0.23888895  0.11399387
   0.16680994  0.22309664  0.13582187  0.62503116  0.1273466   0.5
   0.24746398  0.16495106  0.21121256  0.15959858  1.42732268  1.30272186
   1.54472857  1.27208485  1.19587927  1.45561322  1.09513177  1.22321624
   1.27883251  0.97327656  2.32607338  1.4089267   1.47967601  2.01304382]
 [ 0.42319357  0.19658294  0.27461482  0.20623862  0.22715168  0.12261253
   0.42101697  0.15465826  0.159356    0.33695044  0.16495106  0.24746398
   0.5         0.14990358  0.36868696  0.14786378  1.40648144  1.72455418
   2.09870753  1.32260881  2.1787031   1.17673324  2.90030352  0.93457553
   6.12113067  0.8445235   1.68080456  2.23306575  1.54547606  2.57546448]
 [ 0.19658294  0.42319357  0.20623862  0.27461482  0.12261253  0.22715168
   0.15465826  0.42101697  0.33695044  0.159356    0.24746398  0.16495106
   0.14990358  0.5         0.14786378  0.36868696  1.72455418  1.40648144
   1.32260881  2.09870753  1.17673324  2.1787031   0.93457553  2.90030352
   0.8445235   6.12113067  2.23306575  1.68080456  2.57546448  1.54547606]
 [ 0.23419426  0.21407427  0.18958161  0.23877004  0.347306    0.10770768
   0.26095164  0.15549855  0.14662941  0.31206685  0.15959858  0.21121256
   0.36868696  0.14786378  0.5         0.12732125  1.05571326  2.33630809
   1.29178213  1.5107843   1.29788624  1.31545042  1.43912534  0.99031946
   1.67945891  0.87272556  1.33549641  2.79406154  1.23188308  4.72787344]
 [ 0.21407427  0.23419426  0.23877004  0.18958161  0.10770768  0.347306
   0.15549855  0.26095164  0.31206685  0.14662941  0.21121256  0.15959858
   0.14786378  0.36868696  0.12732125  0.5         2.33630809  1.05571326
   1.5107843   1.29178213  1.31545042  1.29788624  0.99031946  1.43912534
   0.87272556  1.67945891  2.79406154  1.33549641  4.72787344  1.23188308]
 [ 2.85250763  1.67460677  2.32863835  1.50314605  0.84637433  1.29568645
   1.36620298  1.60568613  1.63509138  1.3244463   1.30272186  1.42732268
   1.40648144  1.72455418  1.05571326  2.33630809 36.8581052   8.9707865
  24.45139381 10.22878764 14.67920152  9.84570146  9.30067383  8.91252476
   8.16076678  8.53821961 36.30216837 10.85830064 38.90666884 10.54420502]
 [ 1.67460677  2.85250763  1.50314605  2.32863835  1.29568645  0.84637433
   1.60568613  1.36620298  1.3244463   1.63509138  1.42732268  1.30272186
   1.72455418  1.40648144  2.33630809  1.05571326  8.9707865  36.8581052
  10.22878764 24.45139381  9.84570146 14.67920152  8.91252476  9.30067383
   8.53821961  8.16076678 10.85830064 36.30216837 10.54420502 38.90666884]
 [ 6.31777661  1.55910706  3.06754416  1.44688465  0.96227122  1.07296304
   1.91444196  1.28276483  1.41421811  1.57904568  1.27208485  1.54472857
   2.09870753  1.32260881  1.29178213  1.5107843  24.45139381 10.22878764
  36.8581052   9.98288815 27.06434004  8.98188309 14.30292398  7.44005664
  12.24581016  6.92240755 20.55375885 12.69944398 20.06883052 12.40402841]
 [ 1.55910706  6.31777661  1.44688465  3.06754416  1.07296304  0.96227122
   1.28276483  1.91444196  1.57904568  1.41421811  1.54472857  1.27208485
   1.32260881  2.09870753  1.5107843   1.29178213 10.22878764 24.45139381
   9.98288815 36.8581052   8.98188309 27.06434004  7.44005664 14.30292398
   6.92240755 12.24581016 12.69944398 20.55375885 12.40402841 20.06883052]
 [ 3.03983648  1.47063194  6.3162528   1.20122143  0.89647329  1.09211294
   2.9409533   1.05461842  1.50334884  1.29887268  1.45561322  1.19587927
   2.1787031   1.17673324  1.29788624  1.31545042 14.67920152  9.84570146
  27.06434004  8.98188309 36.8581052   7.56205341 24.03381351  6.33103753
  14.10029875  6.17408442 13.43043448 13.97565632 16.72489897 11.54434905]
 [ 1.47063194  3.03983648  1.20122143  6.3162528   1.09211294  0.89647329
   1.05461842  2.9409533   1.29887268  1.50334884  1.19587927  1.45561322
   1.17673324  2.1787031   1.31545042  1.29788624  9.84570146 14.67920152
   8.98188309 27.06434004  7.56205341 36.8581052   6.33103753 24.03381351
   6.17408442 14.10029875 13.97565632 13.43043448 11.54434905 16.72489897]
 [ 2.22943796  1.19493683  2.84550882  1.03944847  0.94071874  0.88262099
   6.06056466  0.87090387  1.16141833  1.26510957  1.22321624  1.09513177
   2.90030352  0.93457553  1.43912534  0.99031946  9.30067383  8.91252476
  14.30292398  7.44005664 24.03381351  6.33103753 36.8581052   5.2797903
  23.6232716   5.08564775  9.89522641 13.33703279 10.99047346 11.20093374]
 [ 1.19493683  2.22943796  1.03944847  2.84550882  0.88262099  0.94071874
   0.87090387  6.06056466  1.26510957  1.16141833  1.09513177  1.22321624
   0.93457553  2.90030352  0.99031946  1.43912534  8.91252476  9.30067383
   7.44005664 14.30292398  6.33103753 24.03381351  5.2797903  36.8581052
   5.08564775 23.6232716  13.33703279  9.89522641 11.20093374 10.99047346]
 [ 2.32569905  1.06501016  1.76055308  1.0591627   1.13148354  0.74586052
   2.90798376  0.84745781  0.94128768  1.5762133   0.97327656  1.27883251
   6.12113067  0.8445235   1.67945891  0.87272556  8.16076678  8.53821961
  12.24581016  6.92240755 14.10029875  6.17408442 23.6232716   5.08564775
  36.8581052   4.71200088  9.49789055 11.68213974  9.18747147 11.96905954]
 [ 1.06501016  2.32569905  1.0591627   1.76055308  0.74586052  1.13148354
   0.84745781  2.90798376  1.5762133   0.94128768  1.27883251  0.97327656
   0.8445235   6.12113067  0.87272556  1.67945891  8.53821961  8.16076678
   6.92240755 12.24581016  6.17408442 14.10029875  5.08564775 23.6232716
   4.71200088 36.8581052  11.68213974  9.49789055 11.96905954  9.18747147]
 [ 3.21928019  1.98322347  2.07460705  2.22845654  1.16558241  1.46607263
   1.47819392  2.64529363  1.71590483  1.91582786  1.4089267   2.32607338
   1.68080456  2.23306575  1.33549641  2.79406154 36.30216837 10.85830064
  20.55375885 12.69944398 13.43043448 13.97565632  9.89522641 13.33703279
   9.49789055 11.68213974 73.51669472 12.43825477 28.52131067 13.52386014]
 [ 1.98322347  3.21928019  2.22845654  2.07460705  1.46607263  1.16558241
   2.64529363  1.47819392  1.91582786  1.71590483  2.32607338  1.4089267
   2.23306575  1.68080456  2.79406154  1.33549641 10.85830064 36.30216837
  12.69944398 20.55375885 13.97565632 13.43043448 13.33703279  9.89522641
  11.68213974  9.49789055 12.43825477 73.51669472 13.52386014 28.52131067]
 [ 2.49160101  2.21087475  3.1323504   1.69829007  0.98254874  2.35438632
   1.67603599  1.96304538  2.88660184  1.40441595  2.01304382  1.47967601
   1.54547606  2.57546448  1.23188308  4.72787344 38.90666884 10.54420502
  20.06883052 12.40402841 16.72489897 11.54434905 10.99047346 11.20093374
   9.18747147 11.96905954 28.52131067 13.52386014 73.51669472 12.01235421]
 [ 2.21087475  2.49160101  1.69829007  3.1323504   2.35438632  0.98254874
   1.96304538  1.67603599  1.40441595  2.88660184  1.47967601  2.01304382
   2.57546448  1.54547606  4.72787344  1.23188308 10.54420502 38.90666884
  12.40402841 20.06883052 11.54434905 16.72489897 11.20093374 10.99047346
  11.96905954  9.18747147 13.52386014 28.52131067 12.01235421 73.51669472]]","[[0.5        0.23300533 0.35907914 ... 0.         0.         0.        ]
 [0.23300533 0.5        0.25020563 ... 0.         0.         0.        ]
 [0.35907914 0.25020563 0.5        ... 0.         0.         0.        ]
 ...
 [0.         0.         0.         ... 0.         0.         0.        ]
 [0.         0.         0.         ... 0.         0.         0.        ]
 [0.         0.         0.         ... 0.         0.         0.        ]]","[239.30516594353054, 102.47419646633247, 69.17030493761247, 57.159585232841934, 46.428753318785645, 43.8233348926729, 30.964971662762686, 28.8711754682238, 16.251664697574103, 16.09093159407321, 8.129294287462814, 8.049953226475603, 3.6812197927999373, 3.678952887694361, 0.9472022147369367, 0.886202186512269, 0.3422613378306669, 0.33347834627103184, 0.05972963973485321, 0.056442530944972404, 0.0, 0.0, 0.0, 0.0, 0.0, 0.0, 0.0, 0.0, 0.0, 0.0, 0.0, 0.0, 0.0, 0.0, 0.0, 0.0, 0.0, 0.0, 0.0, 0.0, 0.0, 0.0, 0.0, 0.0, 0.0, 0.0, 0.0, 0.0, 0.0, 0.0, 0.0, 0.0, 0.0, 0.0, 0.0, 0.0, 0.0, 0.0, 0.0, 0.0, 0.0, 0.0, 0.0, 0.0, 0.0, 0.0, 0.0, 0.0, 0.0, 0.0, 0.0, 0.0, 0.0, 0.0, 0.0, 0.0, 0.0, 0.0, 0.0, 0.0, 0.0, 0.0, 0.0, 0.0, 0.0, 0.0, 0.0, 0.0, 0.0, 0.0, 0.0, 0.0, 0.0, 0.0, 0.0, 0.0, 0.0, 0.0, 0.0, 0.0, 0.0, 0.0, 0.0, 0.0, 0.0, 0.0, 0.0, 0.0, 0.0, 0.0, 0.0, 0.0, 0.0, 0.0, 0.0, 0.0, 0.0, 0.0, 0.0, 0.0, 0.0, 0.0, 0.0, 0.0, 0.0, 0.0, 0.0, 0.0, 0.0, 0.0, 0.0, 0.0, 0.0, 0.0, 0.0, 0.0, 0.0, 0.0, 0.0, 0.0, 0.0, 0.0, 0.0, 0.0, 0.0, 0.0, 0.0, 0.0, 0.0, 0.0, 0.0, 0.0, 0.0, 0.0, 0.0, 0.0, 0.0, 0.0, 0.0, 0.0, 0.0, 0.0, 0.0, 0.0, 0.0, 0.0, 0.0, 0.0, 0.0, 0.0, 0.0, 0.0, 0.0, 0.0, 0.0, 0.0, 0.0, 0.0, 0.0, 0.0, 0.0, 0.0, 0.0, 0.0, 0.0, 0.0, 0.0, 0.0, 0.0, 0.0, 0.0, 0.0, 0.0, 0.0, 0.0, 0.0, 0.0, 0.0, -0.14230180303610712, -0.14333591302231413, -0.4078934759487102, -0.4087528796309631, -0.5465250123814118, -0.5480303219109399, -0.6864009494758317, -0.6893705765842103, -1.2406234341771574, -1.2437554252050012]"
7106434,3.99,C8 H10 O2,138.16,19.0,5.0,P 21 21 21,90.0,90.0,90.0,4.0,4.179,11.999,16.431,818.0,300.0,20.25,2.48,823.9,0.71073,0.0417,0.0542,4.0,-5.0,15.0,-12.0,20.0,-20.0,4693.0,25.0,27.39,2.1,0.079,0.9953,0.9728,80,"[[ 0.5         0.10362865  0.16403116 ...  0.73511923  1.71454694
   1.19993619]
 [ 0.10362865  0.5         0.14112118 ...  2.88282186  1.19993619
   0.67526498]
 [ 0.16403116  0.14112118  0.5        ...  1.08877279  2.88282186
   0.6905199 ]
 ...
 [ 0.73511923  2.88282186  1.08877279 ... 73.51669472  8.06355889
   4.91191417]
 [ 1.71454694  1.19993619  2.88282186 ...  8.06355889 73.51669472
   6.22154531]
 [ 1.19993619  0.67526498  0.6905199  ...  4.91191417  6.22154531
  73.51669472]]","[[0.5        0.10362865 0.16403116 ... 0.         0.         0.        ]
 [0.10362865 0.5        0.14112118 ... 0.         0.         0.        ]
 [0.16403116 0.14112118 0.5        ... 0.         0.         0.        ]
 ...
 [0.         0.         0.         ... 0.         0.         0.        ]
 [0.         0.         0.         ... 0.         0.         0.        ]
 [0.         0.         0.         ... 0.         0.         0.        ]]","[334.48392425211085, 141.68790285596327, 123.29497337864697, 100.40275762295758, 91.68456619854834, 70.72616571745856, 67.95159974349706, 66.05013962765702, 63.955520185918594, 60.60958471410418, 55.84452874740836, 52.662234570536135, 49.70685951546674, 45.533491366817856, 40.989542277682744, 35.89721114566988, 34.830615440660914, 32.76182940967662, 31.26225403389197, 31.02649246214203, 30.2690210089027, 27.91893238128255, 27.19565059899137, 23.047349533104477, 22.608698532451495, 21.573667719229476, 20.934267374041816, 16.407151487569905, 14.464929278918444, 12.732856150384059, 11.182581742068738, 10.328122382719403, 10.214826777099226, 9.390300632614254, 5.020278763590891, 4.709321533959451, 1.622029223941924, 1.6088927293994046, 0.6490967549073966, 0.32835652519107084, 0.312631864923484, 0.24890013302886135, 0.21931069080106128, 0.16225720920646844, 0.14444995423395837, 0.12322568534014555, 0.07852601084634567, 0.0, 0.0, 0.0, 0.0, 0.0, 0.0, 0.0, 0.0, 0.0, 0.0, 0.0, 0.0, 0.0, 0.0, 0.0, 0.0, 0.0, 0.0, 0.0, 0.0, 0.0, 0.0, 0.0, 0.0, 0.0, 0.0, 0.0, 0.0, 0.0, 0.0, 0.0, 0.0, 0.0, 0.0, 0.0, 0.0, 0.0, 0.0, 0.0, 0.0, 0.0, 0.0, 0.0, 0.0, 0.0, 0.0, 0.0, 0.0, 0.0, 0.0, 0.0, 0.0, 0.0, 0.0, 0.0, 0.0, 0.0, 0.0, 0.0, 0.0, 0.0, 0.0, 0.0, 0.0, 0.0, 0.0, 0.0, 0.0, 0.0, 0.0, 0.0, 0.0, 0.0, 0.0, 0.0, 0.0, 0.0, 0.0, 0.0, 0.0, 0.0, 0.0, 0.0, 0.0, 0.0, 0.0, 0.0, 0.0, 0.0, 0.0, 0.0, 0.0, 0.0, 0.0, 0.0, 0.0, 0.0, 0.0, 0.0, 0.0, 0.0, 0.0, 0.0, 0.0, 0.0, 0.0, 0.0, 0.0, 0.0, 0.0, 0.0, 0.0, 0.0, 0.0, 0.0, 0.0, 0.0, 0.0, 0.0, 0.0, 0.0, 0.0, 0.0, 0.0, 0.0, 0.0, 0.0, 0.0, -0.0024019753650199615, -0.06966183862976923, -0.09958024752127706, -0.13572087077457431, -0.13781840410487667, -0.14795885975771927, -0.15557810448832338, -0.1568892685064489, -0.16397249863675822, -0.1644291315274458, -0.16785727320013577, -0.17031520808900405, -0.18164968432755885, -0.21570849377640597, -0.3152388108725389, -0.343994227719934, -0.3695764254859905, -0.37207859463195964, -0.3833408033070361, -0.40377889097911074, -0.4447352028845235, -0.5665846128162803, -0.7490771914373984, -0.758093580287533, -0.864451736459805, -0.9350214099208894, -0.9389136227410914, -0.9501654841787149, -1.0272873311488178, -1.2980601690850377, -1.5165376081053563, -1.5184155795345715, -1.5400086651499822]"
7052337,2.92,C30 H44 N8 Pd,623.13,2.0,3.0,P -1,70.1,85.07,85.64,1.0,8.27,9.5086,10.937,-100.1,173.0,-100.1,-100.1,804.7,0.71073,0.0288,0.0412,11.0,-11.0,13.0,-12.0,15.0,-15.0,9334.0,30.07,30.07,1.98,0.608,0.9761,0.9703,83,"[[ 0.5         0.06904958  0.07003942 ...  0.76063912  3.52816704
   0.52520771]
 [ 0.06904958  0.5         0.35054306 ...  1.26807554  0.52520771
   3.52816704]
 [ 0.07003942  0.35054306  0.5        ...  1.36688975  0.52603991
   2.69438986]
 ...
 [ 0.76063912  1.26807554  1.36688975 ... 53.3587074   5.96197915
  11.1102772 ]
 [ 3.52816704  0.52520771  0.52603991 ...  5.96197915 53.3587074
   3.95613398]
 [ 0.52520771  3.52816704  2.69438986 ... 11.1102772   3.95613398
  53.3587074 ]]","[[0.5        0.06904958 0.07003942 ... 0.         0.         0.        ]
 [0.06904958 0.5        0.35054306 ... 0.         0.         0.        ]
 [0.07003942 0.35054306 0.5        ... 0.         0.         0.        ]
 ...
 [0.         0.         0.         ... 0.         0.         0.        ]
 [0.         0.         0.         ... 0.         0.         0.        ]
 [0.         0.         0.         ... 0.         0.         0.        ]]","[4922.367535038349, 314.4100886853469, 140.37192606082863, 96.34354545898377, 82.5116143776178, 72.70002468726214, 66.57724105436532, 60.95084379456418, 57.99249794987275, 56.10698410609515, 52.59865109223839, 44.145919846531676, 43.95440842649185, 40.94994436511935, 40.386382238578776, 32.91055899455803, 32.405061181291074, 30.9867078280914, 30.849863042071608, 23.649887258139227, 23.324072518120026, 22.9293886646645, 22.52613682729662, 17.621531475612205, 17.600134166867946, 13.333967665783444, 13.283818551028556, 11.247235632395727, 11.22059540003854, 9.377984378645653, 9.324210795608865, 8.409655657255025, 7.806061478806364, 7.3369981874860795, 7.214913577904534, 6.173559033951319, 6.131043393957539, 3.00239688054063, 2.9862254239408124, 0.7653070491881266, 0.748070080581061, 0.27142463391942695, 0.25471145565962133, 0.2524874871332807, 0.24197180185934591, 0.16550429938472822, 0.16462533985515934, 0.08891636490643905, 0.08861672057560069, 0.0, 0.0, 0.0, 0.0, 0.0, 0.0, 0.0, 0.0, 0.0, 0.0, 0.0, 0.0, 0.0, 0.0, 0.0, 0.0, 0.0, 0.0, 0.0, 0.0, 0.0, 0.0, 0.0, 0.0, 0.0, 0.0, 0.0, 0.0, 0.0, 0.0, 0.0, 0.0, 0.0, 0.0, 0.0, 0.0, 0.0, 0.0, 0.0, 0.0, 0.0, 0.0, 0.0, 0.0, 0.0, 0.0, 0.0, 0.0, 0.0, 0.0, 0.0, 0.0, 0.0, 0.0, 0.0, 0.0, 0.0, 0.0, 0.0, 0.0, 0.0, 0.0, 0.0, 0.0, 0.0, 0.0, 0.0, 0.0, 0.0, 0.0, 0.0, 0.0, 0.0, 0.0, 0.0, 0.0, 0.0, 0.0, 0.0, 0.0, 0.0, 0.0, 0.0, 0.0, 0.0, 0.0, 0.0, 0.0, 0.0, 0.0, 0.0, 0.0, 0.0, 0.0, 0.0, 0.0, 0.0, 0.0, 0.0, 0.0, 0.0, 0.0, 0.0, 0.0, 0.0, 0.0, 0.0, 0.0, 0.0, 0.0, 0.0, 0.0, 0.0, 0.0, 0.0, 0.0, 0.0, 0.0, 0.0, 0.0, 0.0, 0.0, 0.0, 0.0, 0.0, -0.03597162297309573, -0.04815657549881545, -0.08591634049938573, -0.09369997168164726, -0.1336304839606364, -0.13595744261483417, -0.1383523725983825, -0.13858121665064657, -0.15978264455840413, -0.16035776012972533, -0.1881982775737594, -0.19364501777725165, -0.20562412379612585, -0.20957505343948682, -0.46119825581516394, -0.4612464740872791, -0.4988977239876883, -0.4994515991230589, -0.5434101151650038, -0.543445382843567, -0.7523606083294851, -0.7590362110290356, -0.8708150804142516, -0.8712769888197014, -0.8813763473968069, -0.8821722697143459, -0.9075126674435748, -0.9078858679831546, -1.0128360048665963, -1.0129834520482732, -1.313702795521657, -1.314220417856671, -1.4367976234888633, -1.4373063712963912]"
2215609,3.7,C6 H3 Cl3 O,197.43,14.0,1.0,P 1 21/c 1,90.0,95.05,90.0,4.0,3.8181,15.742,12.127,47.0,297.0,12.37,6.03,726.1,0.71073,0.0886,0.0769,2.0,-4.0,1.0,-19.0,14.0,-14.0,2445.0,26.0,26.0,2.13,1.178,0.95392,0.79181,52,"[[ 0.5         0.09627827  0.1612075  ...  0.82074837  1.1719016
   1.26161369]
 [ 0.09627827  0.5         0.15142625 ...  9.76186028  1.26600112
   0.50845382]
 [ 0.1612075   0.15142625  0.5        ...  1.26161369  9.76186028
   0.82074837]
 ...
 [ 0.82074837  9.76186028  1.26161369 ... 73.51669472 10.41255854
   4.20221247]
 [ 1.1719016   1.26600112  9.76186028 ... 10.41255854 73.51669472
   6.20943396]
 [ 1.26161369  0.50845382  0.82074837 ...  4.20221247  6.20943396
  73.51669472]]","[[0.5        0.09627827 0.1612075  ... 0.         0.         0.        ]
 [0.09627827 0.5        0.15142625 ... 0.         0.         0.        ]
 [0.1612075  0.15142625 0.5        ... 0.         0.         0.        ]
 ...
 [0.         0.         0.         ... 0.         0.         0.        ]
 [0.         0.         0.         ... 0.         0.         0.        ]
 [0.         0.         0.         ... 0.         0.         0.        ]]","[1069.4339937810348, 551.6073491176395, 493.9376994562996, 454.026362520461, 435.17647984328164, 402.28654231051155, 392.5202120094816, 371.35954655854766, 371.14034146877555, 368.03533664408764, 361.15369616848, 351.2132372104784, 101.09826749090735, 89.54798219506542, 77.56322124308389, 75.12546174419182, 62.72117722253435, 62.459689121534424, 60.422190328649364, 58.87373135049058, 31.609705783415457, 31.556322175323096, 31.362683589382392, 31.327665640141962, 26.274476473028763, 26.239750556403195, 23.817702537709305, 23.57163932498576, 23.415515689176566, 23.403460953294193, 22.978862981660757, 22.767624259634644, 8.128569716267268, 8.121899791739175, 8.100515710271935, 8.092397216274321, 4.079458919945533, 4.052021780622956, 3.984746129476833, 3.9718528512686935, 0.22470263748655891, 0.21766747694988975, 0.18983537976212708, 0.18867487593452179, 0.0, 0.0, 0.0, 0.0, 0.0, 0.0, 0.0, 0.0, 0.0, 0.0, 0.0, 0.0, 0.0, 0.0, 0.0, 0.0, 0.0, 0.0, 0.0, 0.0, 0.0, 0.0, 0.0, 0.0, 0.0, 0.0, 0.0, 0.0, 0.0, 0.0, 0.0, 0.0, 0.0, 0.0, 0.0, 0.0, 0.0, 0.0, 0.0, 0.0, 0.0, 0.0, 0.0, 0.0, 0.0, 0.0, 0.0, 0.0, 0.0, 0.0, 0.0, 0.0, 0.0, 0.0, 0.0, 0.0, 0.0, 0.0, 0.0, 0.0, 0.0, 0.0, 0.0, 0.0, 0.0, 0.0, 0.0, 0.0, 0.0, 0.0, 0.0, 0.0, 0.0, 0.0, 0.0, 0.0, 0.0, 0.0, 0.0, 0.0, 0.0, 0.0, 0.0, 0.0, 0.0, 0.0, 0.0, 0.0, 0.0, 0.0, 0.0, 0.0, 0.0, 0.0, 0.0, 0.0, 0.0, 0.0, 0.0, 0.0, 0.0, 0.0, 0.0, 0.0, 0.0, 0.0, 0.0, 0.0, 0.0, 0.0, 0.0, 0.0, 0.0, 0.0, 0.0, 0.0, 0.0, 0.0, 0.0, 0.0, 0.0, 0.0, 0.0, 0.0, 0.0, 0.0, 0.0, 0.0, 0.0, 0.0, 0.0, 0.0, 0.0, 0.0, 0.0, 0.0, 0.0, 0.0, 0.0, 0.0, 0.0, 0.0, 0.0, 0.0, 0.0, 0.0, 0.0, 0.0, 0.0, 0.0, 0.0, 0.0, 0.0, 0.0, 0.0, 0.0, -0.8003350222572831, -0.8004050911543589, -0.801518293813269, -0.8026708061345686, -0.9920685330187338, -0.992266985309451, -0.998440526509059, -0.9986295415724346]"
4080687,2.14,C40 H62 Li2 N2 O2 P2 S2,742.86,2.0,3.0,P -1,101.902,98.882,100.067,1.0,8.1729,11.8714,11.8887,123.0,296.0,15.0,15.0,1089.4,0.71073,0.0418,0.0388,9.0,-6.0,14.0,-14.0,14.0,-14.0,11471.0,25.25,25.25,1.79,0.229,0.7456,0.683,112,"[[  6.98330508   0.76329483   5.15765077 ...   1.79824189  12.30674547
    2.3790775 ]
 [  0.76329483   6.98330508   5.33737428 ...  10.29688338   2.3790775
   12.30674547]
 [  5.15765077   5.33737428 332.34490564 ...  12.73415883  15.32613659
   16.57030254]
 ...
 [  1.79824189  10.29688338  12.73415883 ...  53.3587074    5.68998464
   17.51972343]
 [ 12.30674547   2.3790775   15.32613659 ...   5.68998464  73.51669472
    7.53661307]
 [  2.3790775   12.30674547  16.57030254 ...  17.51972343   7.53661307
   73.51669472]]","[[  6.98330508   0.76329483   5.15765077 ...   0.           0.
    0.        ]
 [  0.76329483   6.98330508   5.33737428 ...   0.           0.
    0.        ]
 [  5.15765077   5.33737428 332.34490564 ...   0.           0.
    0.        ]
 ...
 [  0.           0.           0.         ...   0.           0.
    0.        ]
 [  0.           0.           0.         ...   0.           0.
    0.        ]
 [  0.           0.           0.         ...   0.           0.
    0.        ]]","[650.2832060673925, 475.4205083846685, 261.54581118604904, 244.6793140168125, 221.86714142639522, 157.13564226420098, 95.77656571001786, 91.35778850266912, 71.55342812217972, 69.18763007690713, 57.930759756304425, 55.86536745585119, 52.205835243154965, 50.77354386158409, 48.64646178425808, 47.59352323061729, 40.6811122658893, 39.9840219843672, 39.12162962738976, 38.843347238459714, 29.880979446377253, 29.701776194466003, 27.48554656827411, 27.467812653124266, 26.633397042419404, 25.996074314450432, 24.019216054181467, 23.898561536867582, 22.93019845908628, 22.776690425186427, 13.333149124845969, 13.297390539942509, 12.029963668453767, 11.516612426276048, 11.297334094349516, 11.17856519217508, 10.797784712359524, 10.687755622211954, 10.522904724041961, 10.515243975882624, 10.267974677291496, 10.26462892427923, 8.852330114634814, 8.804113191393945, 6.54654839783141, 6.545679741440898, 3.7618402636584363, 3.742800022175708, 2.0696365791454685, 2.069559743609119, 0.37196160739182066, 0.3666799684608573, 0.27690304131183174, 0.2746661651563138, 0.0, 0.0, 0.0, 0.0, 0.0, 0.0, 0.0, 0.0, 0.0, 0.0, 0.0, 0.0, 0.0, 0.0, 0.0, 0.0, 0.0, 0.0, 0.0, 0.0, 0.0, 0.0, 0.0, 0.0, 0.0, 0.0, 0.0, 0.0, 0.0, 0.0, 0.0, 0.0, 0.0, 0.0, 0.0, 0.0, 0.0, 0.0, 0.0, 0.0, 0.0, 0.0, 0.0, 0.0, 0.0, 0.0, 0.0, 0.0, 0.0, 0.0, 0.0, 0.0, 0.0, 0.0, 0.0, 0.0, 0.0, 0.0, 0.0, 0.0, 0.0, 0.0, 0.0, 0.0, 0.0, 0.0, 0.0, 0.0, 0.0, 0.0, 0.0, 0.0, 0.0, 0.0, 0.0, 0.0, 0.0, 0.0, 0.0, 0.0, 0.0, 0.0, 0.0, 0.0, 0.0, 0.0, 0.0, 0.0, 0.0, 0.0, 0.0, 0.0, 0.0, 0.0, 0.0, 0.0, -0.012227976930936676, -0.024714612690866732, -0.06340378002108502, -0.0672868751349286, -0.08188644517517991, -0.08573828091774138, -0.11310729574565413, -0.11813640832219, -0.14018134052669665, -0.1435739218983229, -0.1440489049155069, -0.14949378292014318, -0.15103392679705202, -0.15253937991561445, -0.16950749086958886, -0.17625015260336557, -0.18278952423643954, -0.19302356254339467, -0.20218583403236018, -0.2052513042608118, -0.2075292389858962, -0.2089238997741032, -0.22172204340877522, -0.22551683803079756, -0.24951607466495582, -0.25030443953289433, -0.48830257299545243, -0.49243475752726074, -0.5165774642884808, -0.517930872926025, -0.5373380746011105, -0.5374667715106166, -0.5490092423673867, -0.5490443760046583, -0.6452270397312069, -0.645243914361691, -0.8728704626400471, -0.8740421215118231, -0.9296232500061375, -0.930305748457204, -0.9404274365179077, -0.9503931668095725, -0.980358674533663, -0.9816128699776646, -1.0341696336089188, -1.0342101453297687, -1.1827270702581976, -1.1829507187751964, -1.3504162706412202, -1.3504530579238352, -1.4686313264475221, -1.4687086935771139, -1.5398672345014335, -1.5398913048664258, -1.585400718187318, -1.5863137240993836, -1.8273667687307575, -1.8273928753460618]"
4023302,2.13,C22 H23 N3 O5 S,441.49,4.0,1.0,P 1 21 1,90.0,102.91,90.0,2.0,11.542,7.5962,13.125,4314.0,293.0,25.02,2.13,1121.6,0.71073,0.0489,0.0844,13.0,-13.0,8.0,-9.0,15.0,-15.0,4314.0,25.02,25.02,2.13,0.182,0.964,0.923,108,"[[ 0.5         0.08041705  0.19085297 ...  0.67297388  1.45088897
   0.60672364]
 [ 0.08041705  0.5         0.08914482 ...  2.59109145  0.59130337
   1.45088897]
 [ 0.19085297  0.08914482  0.5        ...  0.84651513  0.98034822
   0.65567889]
 ...
 [ 0.67297388  2.59109145  0.84651513 ... 73.51669472  4.91727442
   9.40465397]
 [ 1.45088897  0.59130337  0.98034822 ...  4.91727442 73.51669472
   3.95684672]
 [ 0.60672364  1.45088897  0.65567889 ...  9.40465397  3.95684672
  73.51669472]]","[[0.5        0.08041705 0.19085297 ... 0.         0.         0.        ]
 [0.08041705 0.5        0.08914482 ... 0.         0.         0.        ]
 [0.19085297 0.08914482 0.5        ... 0.         0.         0.        ]
 ...
 [0.         0.         0.         ... 0.         0.         0.        ]
 [0.         0.         0.         ... 0.         0.         0.        ]
 [0.         0.         0.         ... 0.         0.         0.        ]]","[693.1917585729665, 422.3208867073249, 259.53345556282943, 175.16525429314942, 130.16266884655727, 112.02865970440557, 101.53510866149347, 93.81154211887842, 91.44336160322034, 83.29786588807384, 69.23518721105116, 67.45407678388734, 64.95102865628803, 60.71891913283818, 60.062544446666, 53.17047213210215, 52.53356467705879, 50.971476626621005, 49.674399589797325, 46.6745778820855, 45.5342784653181, 42.10109316533211, 40.067035018600535, 38.05090072838329, 36.35675375623322, 35.11968044970753, 33.29915957352392, 33.036925360358346, 30.92279104584236, 30.65791665174594, 29.92405611014031, 28.40665315690292, 28.0678979662435, 27.3046483685939, 27.04696292621079, 22.70554673161731, 21.97411813186253, 20.803678965690533, 20.52007026070363, 17.66510669775573, 17.336405270090804, 12.118824680141103, 11.706427594991327, 11.352612496556443, 10.336917733487688, 10.272355351290416, 9.769030703119405, 9.368831665013632, 8.322108799004816, 7.324057971425704, 7.272731874859151, 7.22247494215655, 6.758718658954643, 6.172956856067938, 5.064123536415764, 5.01548824600723, 4.3037677811818575, 2.915616750491663, 2.9137387592817507, 2.359165727168007, 0.41279144299129555, 0.3804401757155652, 0.27266819766662664, 0.22357827450236423, 0.0, 0.0, 0.0, 0.0, 0.0, 0.0, 0.0, 0.0, 0.0, 0.0, 0.0, 0.0, 0.0, 0.0, 0.0, 0.0, 0.0, 0.0, 0.0, 0.0, 0.0, 0.0, 0.0, 0.0, 0.0, 0.0, 0.0, 0.0, 0.0, 0.0, 0.0, 0.0, 0.0, 0.0, 0.0, 0.0, 0.0, 0.0, 0.0, 0.0, 0.0, 0.0, 0.0, 0.0, 0.0, 0.0, 0.0, 0.0, 0.0, 0.0, 0.0, 0.0, 0.0, 0.0, 0.0, 0.0, 0.0, 0.0, 0.0, 0.0, 0.0, 0.0, 0.0, 0.0, 0.0, 0.0, 0.0, 0.0, 0.0, 0.0, 0.0, 0.0, 0.0, 0.0, 0.0, 0.0, 0.0, 0.0, 0.0, 0.0, 0.0, 0.0, 0.0, 0.0, 0.0, 0.0, 0.0, 0.0, 0.0, 0.0, 0.0, 0.0, 0.0, 0.0, 0.0, 0.0, 0.0, 0.0, 0.0, 0.0, -0.03333814976163779, -0.053525607279221975, -0.0820880168995148, -0.12177980415563841, -0.12358058934980373, -0.14644401006915164, -0.14720645367409932, -0.14926250892875328, -0.149527955388506, -0.15546358518559078, -0.15969100646465076, -0.19001795604459742, -0.1940620476708623, -0.20433748809876898, -0.4910709703444065, -0.5038878662420937, -0.5549906585537012, -0.5612457134561232, -0.5638482503609905, -0.5695919318378587, -0.5884903324790134, -0.6008012367010664, -0.6315823005378386, -0.64269092401759, -0.6432248543795519, -0.6834391775491443, -0.6933212098591213, -0.8723072568272489, -0.8983697984243588, -0.9482759263927992, -0.9965887026302487, -1.0016207624470175, -1.001832066786044, -1.096159857918826, -1.0965639336852708, -1.2541582093574146, -1.2981305450919531, -1.298499689711864, -1.336020508745866, -1.3360375507122866, -1.5551661267477583, -1.5713224868485407, -1.6877695176953214, -1.68788014619006]"
4079343,2.52,C20 H23 Cl3 F6 N3 P Ru,657.8,2.0,3.0,P -1,91.81,103.06,106.17,2.0,8.399,10.152,14.854,5409.0,100.0,25.213,2.589,1178.9,0.71073,0.0238,0.0359,10.0,-10.0,12.0,-8.0,17.0,-17.0,7764.0,25.48,25.48,1.41,1.136,1.0,0.903,114,"[[332.34490564  20.68777432   2.71017795 ...  12.17505693  86.16879428
   13.92153816]
 [ 20.68777432 332.34490564   1.28865433 ...  83.7466611   13.92153816
   86.16879428]
 [  2.71017795   1.28865433   0.5        ...   0.74909036   1.39307003
    0.88857524]
 ...
 [ 12.17505693  83.7466611    0.74909036 ...  97.53309975   8.15353616
   36.00972363]
 [ 86.16879428  13.92153816   1.39307003 ...   8.15353616  97.53309975
    9.37224688]
 [ 13.92153816  86.16879428   0.88857524 ...  36.00972363   9.37224688
   97.53309975]]","[[332.34490564  20.68777432   2.71017795 ...   0.           0.
    0.        ]
 [ 20.68777432 332.34490564   1.28865433 ...   0.           0.
    0.        ]
 [  2.71017795   1.28865433   0.5        ...   0.           0.
    0.        ]
 ...
 [  0.           0.           0.         ...   0.           0.
    0.        ]
 [  0.           0.           0.         ...   0.           0.
    0.        ]
 [  0.           0.           0.         ...   0.           0.
