ids,bandgaps,_chemical_formula_sum,_chemical_formula_weight,_space_group_IT_number,_symmetry_cell_setting,_symmetry_space_group_name_H-M,_cell_angle_alpha,_cell_angle_beta,_cell_angle_gamma,_cell_formula_units_Z,_cell_length_a,_cell_length_b,_cell_length_c,_cell_measurement_reflns_used,_cell_measurement_temperature,_cell_measurement_theta_max,_cell_measurement_theta_min,_cell_volume,_diffrn_radiation_wavelength,_diffrn_reflns_av_R_equivalents,_diffrn_reflns_av_sigmaI/netI,_diffrn_reflns_limit_h_max,_diffrn_reflns_limit_h_min,_diffrn_reflns_limit_k_max,_diffrn_reflns_limit_k_min,_diffrn_reflns_limit_l_max,_diffrn_reflns_limit_l_min,_diffrn_reflns_number,_diffrn_reflns_theta_full,_diffrn_reflns_theta_max,_diffrn_reflns_theta_min,_exptl_absorpt_coefficient_mu,_exptl_absorpt_correction_T_max,_exptl_absorpt_correction_T_min,num_atoms,coulomb_original,coulomb_padded,eig
4027065,2.12,C13 H17 N O2 Se,298.24,2.0,3.0,P -1,103.813,110.457,105.347,2.0,8.872,9.192,10.178,2454.0,293.0,24.3,2.5,697.7,0.71073,0.19,0.607,10.0,-10.0,10.0,-10.0,12.0,-12.0,7893.0,24.99,24.99,2.3,2.681,0.9,0.75,68,"[[5.00000000e-01 6.64396089e-02 2.43157732e-01 ... 9.61721376e-01
  8.50186943e-01 1.24087414e+00]
 [6.64396089e-02 5.00000000e-01 7.37758339e-02 ... 8.98027697e-01
  1.24087414e+00 8.50186943e-01]
 [2.43157732e-01 7.37758339e-02 5.00000000e-01 ... 9.01221348e-01
  1.08315338e+00 1.13528893e+00]
 ...
 [9.61721376e-01 8.98027697e-01 9.01221348e-01 ... 7.35166947e+01
  9.32608175e+00 2.85394626e+01]
 [8.50186943e-01 1.24087414e+00 1.08315338e+00 ... 9.32608175e+00
  7.35166947e+01 1.10289772e+01]
 [1.24087414e+00 8.50186943e-01 1.13528893e+00 ... 2.85394626e+01
  1.10289772e+01 7.35166947e+01]]","[[0.5        0.06643961 0.24315773 ... 0.         0.         0.        ]
 [0.06643961 0.5        0.07377583 ... 0.         0.         0.        ]
 [0.24315773 0.07377583 0.5        ... 0.         0.         0.        ]
 ...
 [0.         0.         0.         ... 0.         0.         0.        ]
 [0.         0.         0.         ... 0.         0.         0.        ]
 [0.         0.         0.         ... 0.         0.         0.        ]]","[2511.6245424494255, 2263.149976512685, 286.4680016600185, 133.3985713004501, 108.04250181441822, 91.25542308654141, 71.26009853116253, 68.60900228666051, 54.347719279083805, 50.650810957130886, 49.01076461589974, 47.24233035411324, 37.374275840643655, 36.94648321855532, 33.26363154693787, 32.20795112823381, 25.574605181364294, 25.515007373018193, 24.624338804083315, 24.137722741180465, 23.32886207903456, 22.608114460788695, 19.082226177886515, 18.180443089617082, 10.800172843653465, 10.558821028687573, 9.527577843532931, 9.522849325800733, 8.448660030442547, 8.439253713101111, 5.070633654284415, 5.052120317096552, 3.7290321388170242, 3.7137348990244976, 0.3907831789635058, 0.37821654213110806, 0.1090731667928569, 0.108798671639695, 0.0, 0.0, 0.0, 0.0, 0.0, 0.0, 0.0, 0.0, 0.0, 0.0, 0.0, 0.0, 0.0, 0.0, 0.0, 0.0, 0.0, 0.0, 0.0, 0.0, 0.0, 0.0, 0.0, 0.0, 0.0, 0.0, 0.0, 0.0, 0.0, 0.0, 0.0, 0.0, 0.0, 0.0, 0.0, 0.0, 0.0, 0.0, 0.0, 0.0, 0.0, 0.0, 0.0, 0.0, 0.0, 0.0, 0.0, 0.0, 0.0, 0.0, 0.0, 0.0, 0.0, 0.0, 0.0, 0.0, 0.0, 0.0, 0.0, 0.0, 0.0, 0.0, 0.0, 0.0, 0.0, 0.0, 0.0, 0.0, 0.0, 0.0, 0.0, 0.0, 0.0, 0.0, 0.0, 0.0, 0.0, 0.0, 0.0, 0.0, 0.0, 0.0, 0.0, 0.0, 0.0, 0.0, 0.0, 0.0, 0.0, 0.0, 0.0, 0.0, 0.0, 0.0, 0.0, 0.0, 0.0, 0.0, 0.0, 0.0, 0.0, 0.0, 0.0, 0.0, 0.0, 0.0, 0.0, 0.0, 0.0, 0.0, 0.0, 0.0, 0.0, 0.0, 0.0, 0.0, 0.0, 0.0, 0.0, 0.0, 0.0, 0.0, 0.0, 0.0, 0.0, 0.0, 0.0, 0.0, 0.0, 0.0, 0.0, 0.0, 0.0, 0.0, 0.0, 0.0, 0.0, 0.0, 0.0, 0.0, -0.10555242584736882, -0.11160210818957275, -0.12786237101662754, -0.1327099046722452, -0.1386803747483815, -0.15010901566225424, -0.15897711062557382, -0.16382565288439271, -0.18110185429698572, -0.18180099880239084, -0.1818568549155379, -0.18615358873201612, -0.42935374160046974, -0.4347626091422025, -0.603960723777974, -0.604657882845495, -0.6616199154674638, -0.6625870600461958, -0.8930346278305581, -0.8930629150436575, -0.9223018225228427, -0.9224851144672267, -1.3079267501532632, -1.3079530309081937, -1.4108801513176201, -1.4152456284768604, -1.4400715833721207, -1.4414656851768628, -1.4922796887876248, -1.4923808897962934]"
1503134,2.37,C54 H58 Cl2 N6 O14,1085.96,2.0,3.0,P -1,90.298,95.025,99.589,1.0,6.207,11.28,19.29,2745.0,296.0,25.4,2.13,1326.3,0.71073,0.0553,0.1019,8.0,-6.0,14.0,-14.0,24.0,-25.0,11343.0,27.58,27.58,2.1,0.195,0.966,0.954,134,"[[5.00000000e-01 6.86080221e-02 4.31953809e-01 ... 6.37496477e-01
  1.22833726e+00 7.93234211e-01]
 [6.86080221e-02 5.00000000e-01 6.19542216e-02 ... 2.40826980e+00
  7.93234211e-01 1.22833726e+00]
 [4.31953809e-01 6.19542216e-02 5.00000000e-01 ... 5.72109791e-01
  1.00337461e+00 6.91086052e-01]
 ...
 [6.37496477e-01 2.40826980e+00 5.72109791e-01 ... 7.35166947e+01
  8.74862389e+00 9.36702458e+00]
 [1.22833726e+00 7.93234211e-01 1.00337461e+00 ... 8.74862389e+00
  7.35166947e+01 7.35028274e+00]
 [7.93234211e-01 1.22833726e+00 6.91086052e-01 ... 9.36702458e+00
  7.35028274e+00 7.35166947e+01]]","[[0.5        0.06860802 0.43195381 ... 0.         0.         0.        ]
 [0.06860802 0.5        0.06195422 ... 0.         0.         0.        ]
 [0.43195381 0.06195422 0.5        ... 0.         0.         0.        ]
 ...
 [0.         0.         0.         ... 0.         0.         0.        ]
 [0.         0.         0.         ... 0.         0.         0.        ]
 [0.         0.         0.         ... 0.         0.         0.        ]]","[675.180039530901, 452.0445780547614, 361.998778180724, 229.92522427266857, 148.26438848105266, 142.60217009040048, 120.37510058495519, 112.30554173017259, 97.65281955371844, 90.52247461337856, 87.35563016957946, 86.38678788787757, 73.23154754796275, 70.39435341389988, 69.50241034988463, 67.27815431249321, 63.69755938799421, 61.5207473941113, 60.049697935081745, 53.448193332468676, 52.64001577515307, 49.46709186490155, 48.719037899669964, 47.92353824995135, 46.89424749289926, 46.35609263831735, 46.025358527495804, 44.96017160154396, 43.945461979781065, 43.597372047419086, 37.09171570681079, 36.01939987496556, 33.295659569742455, 32.06886499169477, 31.206356980755018, 31.097156438555487, 26.344490008098248, 26.059845788926182, 25.456052572451256, 23.47495387457949, 23.473807887145544, 21.821824279269787, 21.58606197086214, 20.11050982146992, 20.097605076620425, 19.52542275903736, 18.18400553020262, 18.15827826899579, 16.254465462100224, 16.230430205719703, 15.63996330196353, 15.581735110302354, 13.743640908140126, 13.73864680592137, 11.983530542664367, 11.939990497013339, 10.194749972683315, 9.5916526596506, 9.526113080975597, 9.480942676700229, 8.993147217993968, 7.630746268032399, 7.630395227398223, 6.676844841757441, 6.67462573725316, 5.97579318236019, 5.973318178083222, 5.7173120388313645, 5.586111579135603, 5.579293495555033, 2.9736749238987543, 2.792863493101324, 2.7922888252366773, 1.8994066048189011, 1.8889031095060016, 1.8760321134947795, 0.828257374546665, 0.813373101374158, 0.6614158599590302, 0.6593136814278004, 0.3342079394651701, 0.3296978607680139, 0.22928847291819804, 0.22461009804293197, 0.2155074070941956, 0.21498475756370244, 0.0, 0.0, 0.0, 0.0, 0.0, 0.0, 0.0, 0.0, 0.0, 0.0, 0.0, 0.0, 0.0, 0.0, 0.0, 0.0, 0.0, 0.0, 0.0, 0.0, 0.0, 0.0, 0.0, 0.0, 0.0, 0.0, 0.0, 0.0, 0.0, 0.0, 0.0, 0.0, 0.0, 0.0, 0.0, 0.0, 0.0, 0.0, 0.0, 0.0, 0.0, 0.0, 0.0, 0.0, 0.0, 0.0, 0.0, 0.0, 0.0, 0.0, 0.0, 0.0, 0.0, 0.0, 0.0, 0.0, 0.0, 0.0, 0.0, 0.0, 0.0, 0.0, 0.0, 0.0, 0.0, 0.0, 0.0, 0.0, 0.0, 0.0, 0.0, 0.0, 0.0, 0.0, -0.10163541535943169, -0.10222763373122541, -0.10874243584628702, -0.10894409074524461, -0.14079241725533473, -0.14088672984729472, -0.15245643997635505, -0.15257249223845173, -0.15493698788945312, -0.1550528795711578, -0.15808857608787025, -0.15822944697952418, -0.19747444147148072, -0.1976054200058667, -0.19959495882086228, -0.19974895931409595, -0.2076667185197892, -0.2078191865083529, -0.5299410500888028, -0.5303163885140386, -0.5350976053616198, -0.5352211782214318, -0.5858653652054526, -0.5976834803558679, -0.5993705219993415, -0.6072875023998908, -0.7252627730761096, -0.7256219663340508, -0.8665570609904235, -0.8904568673414968, -0.9259892238361005, -0.9265467235643611, -1.0103946643173596, -1.010420603810772, -1.0264737796170038, -1.0264974418382753, -1.0567554245533382, -1.056759145774445, -1.0676342611857186, -1.06804425192904, -1.2760149261889728, -1.277237613383658, -1.3351172479456304, -1.440961125189892, -1.4410130736395843, -1.5087132948668027, -1.508902672018122, -1.5648152440759853]"
7225364,2.18,C3 H I S3,260.12,14.0,1.0,P 1 21/c 1,90.0,95.224,90.0,4.0,4.2277,11.0881,14.3608,12810.0,293.0,27.48,2.91,670.4,0.71073,0.0564,-100.1,5.0,-4.0,14.0,-13.0,16.0,-14.0,3628.0,25.0,27.499,3.675,5.585,0.366,0.139,32,"[[5.00000000e-01 1.39957571e-01 6.73523935e-02 ... 5.38881744e+00
  5.94367450e+00 1.01335240e+01]
 [1.39957571e-01 5.00000000e-01 1.22707992e-01 ... 1.67938237e+01
  1.01335240e+01 1.58734428e+01]
 [6.73523935e-02 1.22707992e-01 5.00000000e-01 ... 1.01335240e+01
  4.64754616e+00 5.38881744e+00]
 ...
 [5.38881744e+00 1.67938237e+01 1.01335240e+01 ... 6.87435714e+03
  3.72385219e+02 5.33438237e+02]
 [5.94367450e+00 1.01335240e+01 4.64754616e+00 ... 3.72385219e+02
  6.87435714e+03 3.74351534e+02]
 [1.01335240e+01 1.58734428e+01 5.38881744e+00 ... 5.33438237e+02
  3.74351534e+02 6.87435714e+03]]","[[0.5        0.13995757 0.06735239 ... 0.         0.         0.        ]
 [0.13995757 0.5        0.12270799 ... 0.         0.         0.        ]
 [0.06735239 0.12270799 0.5        ... 0.         0.         0.        ]
 ...
 [0.         0.         0.         ... 0.         0.         0.        ]
 [0.         0.         0.         ... 0.         0.         0.        ]
 [0.         0.         0.         ... 0.         0.         0.        ]]","[8167.038653127206, 6685.404127347463, 6477.953463451328, 6347.791280730667, 780.7037563123164, 522.8907087290495, 487.6067870559501, 440.6901879495256, 313.422765390699, 310.52606069952907, 307.33509373297, 304.0790669943573, 296.30528157702685, 296.1175049275892, 291.0230437135447, 288.62438714395523, 46.06584051942691, 44.02345011732273, 43.35561121267097, 38.35147755225852, 18.99371649476862, 18.94025304706807, 18.913923962820295, 18.889784873723247, 9.143213821712717, 9.128972144601725, 9.047376720332364, 8.803458131698632, 0.0, 0.0, 0.0, 0.0, 0.0, 0.0, 0.0, 0.0, 0.0, 0.0, 0.0, 0.0, 0.0, 0.0, 0.0, 0.0, 0.0, 0.0, 0.0, 0.0, 0.0, 0.0, 0.0, 0.0, 0.0, 0.0, 0.0, 0.0, 0.0, 0.0, 0.0, 0.0, 0.0, 0.0, 0.0, 0.0, 0.0, 0.0, 0.0, 0.0, 0.0, 0.0, 0.0, 0.0, 0.0, 0.0, 0.0, 0.0, 0.0, 0.0, 0.0, 0.0, 0.0, 0.0, 0.0, 0.0, 0.0, 0.0, 0.0, 0.0, 0.0, 0.0, 0.0, 0.0, 0.0, 0.0, 0.0, 0.0, 0.0, 0.0, 0.0, 0.0, 0.0, 0.0, 0.0, 0.0, 0.0, 0.0, 0.0, 0.0, 0.0, 0.0, 0.0, 0.0, 0.0, 0.0, 0.0, 0.0, 0.0, 0.0, 0.0, 0.0, 0.0, 0.0, 0.0, 0.0, 0.0, 0.0, 0.0, 0.0, 0.0, 0.0, 0.0, 0.0, 0.0, 0.0, 0.0, 0.0, 0.0, 0.0, 0.0, 0.0, 0.0, 0.0, 0.0, 0.0, 0.0, 0.0, 0.0, 0.0, 0.0, 0.0, 0.0, 0.0, 0.0, 0.0, 0.0, 0.0, 0.0, 0.0, 0.0, 0.0, 0.0, 0.0, 0.0, 0.0, 0.0, 0.0, 0.0, 0.0, 0.0, 0.0, 0.0, 0.0, 0.0, 0.0, 0.0, 0.0, 0.0, 0.0, 0.0, 0.0, 0.0, 0.0, 0.0, 0.0, 0.0, 0.0, 0.0, 0.0, 0.0, 0.0, 0.0, 0.0, 0.0, 0.0, 0.0, 0.0, 0.0, 0.0, 0.0, 0.0, 0.0, 0.0, 0.0, 0.0, -0.7837806605614833, -0.786390595464756, -0.7903478293823876, -0.8015941184228627]"
4067296,3.35,C16 H40 N4 Zn2,419.26,14.0,1.0,P 1 21/n 1,90.0,99.112,90.0,2.0,11.998,7.218,12.46,5901.0,100.0,24.99,3.57,1065.4,0.71073,0.0787,0.0749,14.0,-14.0,8.0,-8.0,14.0,-14.0,5901.0,24.99,24.99,3.57,2.254,0.8,0.649,124,"[[1754.12692841  120.88297496  125.19123407 ...   24.43928222
    35.31381697   28.71516767]
 [ 120.88297496 1754.12692841   92.01872379 ...   19.77198264
    25.88508976   19.67517453]
 [ 125.19123407   92.01872379 1754.12692841 ...   28.71516767
   101.75318247   24.43928222]
 ...
 [  24.43928222   19.77198264   28.71516767 ...   53.3587074
     6.09246044    3.4395148 ]
 [  35.31381697   25.88508976  101.75318247 ...    6.09246044
    53.3587074     6.89027372]
 [  28.71516767   19.67517453   24.43928222 ...    3.4395148
     6.89027372   53.3587074 ]]","[[1754.12692841  120.88297496  125.19123407 ...    0.
     0.            0.        ]
 [ 120.88297496 1754.12692841   92.01872379 ...    0.
     0.            0.        ]
 [ 125.19123407   92.01872379 1754.12692841 ...    0.
     0.            0.        ]
 ...
 [   0.            0.            0.         ...    0.
     0.            0.        ]
 [   0.            0.            0.         ...    0.
     0.            0.        ]
 [   0.            0.            0.         ...    0.
     0.            0.        ]]","[2152.548335794728, 1720.5022045074538, 1637.182516410579, 1627.164884415996, 221.62774702766887, 110.47389250945793, 96.1086950142483, 82.54859140115602, 74.07063014914502, 68.17418832219126, 60.29769048374732, 57.31927009873403, 55.73010682377442, 52.708550120911084, 42.48066533201643, 41.81051030021137, 39.402291217934085, 39.24049636055065, 35.563474900579365, 35.26921788817489, 31.326072169229597, 30.93290107921278, 29.62735401971461, 29.17637737353325, 24.80680379713172, 23.713258286505216, 22.82676499429485, 22.435595699395382, 21.92886350060071, 21.800308519422018, 20.534765731045837, 20.53142255042019, 16.15066867594483, 16.144011631978405, 15.724960660853535, 15.678721754428567, 12.772471553358994, 12.716521893616035, 11.096478339846875, 11.094926267274149, 9.631990439209325, 9.630821476492311, 9.548272857429673, 9.543935130168242, 0.7658994940798662, 0.7474383170777769, 0.4720356905712894, 0.4717036538108333, 0.27836420255868743, 0.27778809156497253, 0.21427505316657205, 0.21381664247793666, 0.10445935403037827, 0.10156777005085334, 0.0, 0.0, 0.0, 0.0, 0.0, 0.0, 0.0, 0.0, 0.0, 0.0, 0.0, 0.0, 0.0, 0.0, 0.0, 0.0, 0.0, 0.0, 0.0, 0.0, 0.0, 0.0, 0.0, 0.0, 0.0, 0.0, 0.0, 0.0, 0.0, 0.0, 0.0, 0.0, 0.0, 0.0, 0.0, 0.0, 0.0, 0.0, 0.0, 0.0, 0.0, 0.0, 0.0, 0.0, 0.0, 0.0, 0.0, 0.0, 0.0, 0.0, 0.0, 0.0, 0.0, 0.0, 0.0, 0.0, 0.0, 0.0, 0.0, 0.0, 0.0, 0.0, 0.0, 0.0, 0.0, 0.0, 0.0, 0.0, 0.0, 0.0, 0.0, 0.0, 0.0, 0.0, 0.0, 0.0, 0.0, 0.0, 0.0, 0.0, 0.0, 0.0, 0.0, 0.0, -0.021163239246965365, -0.02686542180588663, -0.07706163433000915, -0.0853782193010684, -0.09841196244338368, -0.10289736788213888, -0.10856812385918418, -0.11739313439696741, -0.12440581386849493, -0.13223857238655326, -0.1351613057582522, -0.13742083981852238, -0.1474449325960923, -0.15001321479694318, -0.1528414554806438, -0.15678265319409468, -0.16235185136325925, -0.16593995401636316, -0.16857255787380887, -0.16872576678622161, -0.1792352988249654, -0.18667966029143912, -0.1913021800399076, -0.19176472219394666, -0.19244661470343413, -0.20016668910146315, -0.20375266135384176, -0.20916960201423748, -0.21573140943913752, -0.21856332516062482, -0.22247573503394596, -0.22462865411349384, -0.2379129086964247, -0.238172225446759, -0.4462389718740315, -0.44700552680370215, -0.5106572265456806, -0.5110553551471422, -0.5723077019499422, -0.5727595975072989, -0.652974460025991, -0.6551312180022648, -0.6708677344887818, -0.6848060920470768, -0.6928133175013993, -0.6928683107077853, -0.9128956119727512, -0.912903647434138, -0.9342791805192412, -0.9342857378864886, -0.9500084443656278, -0.9500174992268572, -0.9841613196702471, -0.9842063567187768, -1.0192083750954857, -1.0192570082036665, -1.0519254097608337, -1.0519507026806771, -1.1074889421647165, -1.1087586382766526, -1.2975859514395383, -1.297609748617682, -1.3666879493706012, -1.3666897979009818, -1.4267986544366258, -1.4287029837400942, -1.446396589004296, -1.4465640059016023, -1.4746193175835431, -1.4747094281605082]"
7213760,0.578,C48 H26 N4,658.73,2.0,3.0,P -1,62.06,86.353,81.766,1.0,7.2362,11.072,11.308,-100.1,100.0,-100.1,-100.1,792.1,0.71073,0.0941,0.0653,8.0,-8.0,13.0,-13.0,13.0,-13.0,10239.0,25.75,25.75,3.49,0.082,-100.1,-100.1,78,"[[ 0.5         0.12391152  0.12456458 ...  1.33325708  2.26293132
   0.77228518]
 [ 0.12391152  0.5         0.44265309 ...  0.78774178  0.77228518
   2.26293132]
 [ 0.12456458  0.44265309  0.5        ...  0.69310377  0.85168436
   1.30903258]
 ...
 [ 1.33325708  0.78774178  0.69310377 ... 53.3587074   5.87591796
   6.14499498]
 [ 2.26293132  0.77228518  0.85168436 ...  5.87591796 53.3587074
   4.50469996]
 [ 0.77228518  2.26293132  1.30903258 ...  6.14499498  4.50469996
  53.3587074 ]]","[[0.5        0.12391152 0.12456458 ... 0.         0.         0.        ]
 [0.12391152 0.5        0.44265309 ... 0.         0.         0.        ]
 [0.12456458 0.44265309 0.5        ... 0.         0.         0.        ]
 ...
 [0.         0.         0.         ... 0.         0.         0.        ]
 [0.         0.         0.         ... 0.         0.         0.        ]
 [0.         0.         0.         ... 0.         0.         0.        ]]","[404.15779192268565, 161.25273603349925, 105.85919834780145, 105.06444127333292, 81.350253451884, 72.91463716700503, 65.00348319363253, 62.336774868527876, 58.94470332635607, 56.94705895003716, 53.57425270032228, 53.25458384841215, 46.16858049549894, 45.6913469844411, 43.03560727848556, 41.22282454859964, 40.09847399512848, 39.75319442699488, 34.915407616664496, 34.542878199569564, 33.6710149517111, 32.23076582056788, 27.7110381985543, 26.82803439010179, 21.8468093293118, 21.823457438672907, 19.913908341398503, 19.883945992213278, 18.78187697661035, 18.75410479758482, 12.615235513492978, 12.318758862239585, 10.842766303329912, 10.825380697975216, 9.517576367040409, 9.465558730309617, 9.437126777268565, 9.385902388743242, 8.570952038245633, 8.491317384241455, 7.289095078402247, 7.287220979000998, 7.059203873414673, 7.051836859347581, 6.669470503510076, 6.547399148213606, 5.418487667070173, 5.413345542291858, 2.439905010573472, 2.4285194622265363, 2.2865505461287285, 2.285014358773238, 0.0, 0.0, 0.0, 0.0, 0.0, 0.0, 0.0, 0.0, 0.0, 0.0, 0.0, 0.0, 0.0, 0.0, 0.0, 0.0, 0.0, 0.0, 0.0, 0.0, 0.0, 0.0, 0.0, 0.0, 0.0, 0.0, 0.0, 0.0, 0.0, 0.0, 0.0, 0.0, 0.0, 0.0, 0.0, 0.0, 0.0, 0.0, 0.0, 0.0, 0.0, 0.0, 0.0, 0.0, 0.0, 0.0, 0.0, 0.0, 0.0, 0.0, 0.0, 0.0, 0.0, 0.0, 0.0, 0.0, 0.0, 0.0, 0.0, 0.0, 0.0, 0.0, 0.0, 0.0, 0.0, 0.0, 0.0, 0.0, 0.0, 0.0, 0.0, 0.0, 0.0, 0.0, 0.0, 0.0, 0.0, 0.0, 0.0, 0.0, 0.0, 0.0, 0.0, 0.0, 0.0, 0.0, 0.0, 0.0, 0.0, 0.0, 0.0, 0.0, 0.0, 0.0, 0.0, 0.0, 0.0, 0.0, 0.0, 0.0, 0.0, 0.0, 0.0, 0.0, 0.0, 0.0, 0.0, 0.0, 0.0, 0.0, 0.0, 0.0, 0.0, 0.0, 0.0, 0.0, 0.0, 0.0, 0.0, 0.0, 0.0, 0.0, 0.0, 0.0, 0.0, 0.0, 0.0, 0.0, 0.0, 0.0, -0.22715515557341304, -0.24223273797164338, -0.2853789917648011, -0.28627732262490985, -0.2905735038367466, -0.30880439071736693, -0.33294743697119566, -0.3375622329407086, -0.35705333497100267, -0.36859274930452585, -0.5472345448326, -0.5478975188817322, -0.602098819230573, -0.603584555611868, -0.6259257341721541, -0.6261105634727238, -0.6548056216753164, -0.6548468926748972, -0.7314511749306835, -0.7318107824700452, -0.8208469271870465, -0.821237110548627, -1.1260742196046765, -1.1261652382226848, -1.1482140829753535, -1.1510481425187025]"
2202320,3.21,C10 H10 O10,290.18,2.0,3.0,P -1,71.941,88.612,72.933,1.0,5.4651,6.4044,9.1145,1682.0,160.0,28.43,3.5,289.16,0.71073,0.012,0.0205,6.0,-6.0,6.0,-7.0,9.0,-10.0,1735.0,25.0,25.0,2.36,0.154,-100.1,-100.1,30,"[[ 0.5         0.21335284  0.16400286  0.27580056  0.30793525  0.15944574
   0.20330747  0.25543215  0.18940852  0.19184893  1.83157047  2.94486342
   2.94437147  1.83248501  6.31680688  1.60546789  1.3137994   2.28580695
   2.26056247  1.31935527  1.56939646  2.33539831  1.48290905  2.71629441
   2.08897354  1.66065997  3.27730547  1.42847217  1.53732157  1.52152844]
 [ 0.21335284  0.5         0.27580056  0.16400286  0.15944574  0.30793525
   0.25543215  0.20330747  0.19184893  0.18940852  2.94486342  1.83157047
   1.83248501  2.94437147  1.60546789  6.31680688  2.28580695  1.3137994
   1.31935527  2.26056247  2.33539831  1.56939646  2.71629441  1.48290905
   1.66065997  2.08897354  1.42847217  3.27730547  1.52152844  1.53732157]
 [ 0.16400286  0.27580056  0.5         0.11273574  0.17421798  0.14859263
   0.24046652  0.14060415  0.31295933  0.11688879  1.94452018  1.03327833
   1.46812435  1.16493394  1.11882606  1.57749229  3.37571344  0.82459638
   1.42460704  0.96894431  3.5076444   1.0253554   9.52357791  0.98901805
   2.29083612  1.08831374  1.4552206   1.34348799  2.16630193  0.96000032]
 [ 0.27580056  0.16400286  0.11273574  0.5         0.14859263  0.17421798
   0.14060415  0.24046652  0.11688879  0.31295933  1.03327833  1.94452018
   1.16493394  1.46812435  1.57749229  1.11882606  0.82459638  3.37571344
   0.96894431  1.42460704  1.0253554   3.5076444   0.98901805  9.52357791
   1.08831374  2.29083612  1.34348799  1.4552206   0.96000032  2.16630193]
 [ 0.30793525  0.15944574  0.17421798  0.14859263  0.5         0.11337888
   0.20571213  0.15109816  0.22712473  0.12542196  1.41090067  1.20702902
   1.94912881  1.039609    1.67477366  1.09643234  1.30097762  1.02315979
   3.38934415  0.82804619  1.70581269  1.2110662   1.48502461  1.32111897
   3.48736782  1.02832861  9.52433313  0.995891    1.70181807  1.02818732]
 [ 0.15944574  0.30793525  0.14859263  0.17421798  0.11337888  0.5
   0.15109816  0.20571213  0.12542196  0.22712473  1.20702902  1.41090067
   1.039609    1.94912881  1.09643234  1.67477366  1.02315979  1.30097762
   0.82804619  3.38934415  1.2110662   1.70581269  1.32111897  1.48502461
   1.02832861  3.48736782  0.995891    9.52433313  1.02818732  1.70181807]
 [ 0.20330747  0.25543215  0.24046652  0.14060415  0.20571213  0.15109816
   0.5         0.13237061  0.17025252  0.16201829  1.97391198  1.2458336
   1.73628618  1.32572877  1.38150011  1.62950882  2.18690575  0.97627949
   1.59044717  1.07684179  4.17002746  1.1138038   2.00984429  1.27312301
   2.01886133  1.26933138  1.78985703  1.3542476   1.2576082   1.41841543]
 [ 0.25543215  0.20330747  0.14060415  0.24046652  0.15109816  0.20571213
   0.13237061  0.5         0.16201829  0.17025252  1.2458336   1.97391198
   1.32572877  1.73628618  1.62950882  1.38150011  0.97627949  2.18690575
   1.07684179  1.59044717  1.1138038   4.17002746  1.27312301  2.00984429
   1.26933138  2.01886133  1.3542476   1.78985703  1.41841543  1.2576082 ]
 [ 0.18940852  0.19184893  0.31295933  0.11688879  0.22712473  0.12542196
   0.17025252  0.16201829  0.5         0.10652864  1.55799924  1.04246845
   1.54928776  1.04525796  1.2203605   1.23062309  1.70988613  0.86147402
   1.78094589  0.85322547  1.86926728  1.10434148  2.68453906  1.01622722
   3.1383738   0.99650175  1.83701293  1.11550073  9.81364839  0.85702176]
 [ 0.19184893  0.18940852  0.11688879  0.31295933  0.12542196  0.22712473
   0.16201829  0.17025252  0.10652864  0.5         1.04246845  1.55799924
   1.04525796  1.54928776  1.23062309  1.2203605   0.86147402  1.70988613
   0.85322547  1.78094589  1.10434148  1.86926728  1.01622722  2.68453906
   0.99650175  3.1383738   1.11550073  1.83701293  0.85702176  9.81364839]
 [ 1.83157047  2.94486342  1.94452018  1.03327833  1.41090067  1.20702902
   1.97391198  1.2458336   1.55799924  1.04246845 36.8581052  12.89298004
  25.66593857 14.92278263 14.88474734 25.89017772 23.97325314  8.39126554
  14.30824009  9.51672988 20.18575462  9.60417276 20.34108968  9.57637672
  16.78153903 10.09559383 13.2481914  11.60429911 11.92984591  8.55908595]
 [ 2.94486342  1.83157047  1.03327833  1.94452018  1.20702902  1.41090067
   1.2458336   1.97391198  1.04246845  1.55799924 12.89298004 36.8581052
  14.92278263 25.66593857 25.89017772 14.88474734  8.39126554 23.97325314
   9.51672988 14.30824009  9.60417276 20.18575462  9.57637672 20.34108968
  10.09559383 16.78153903 11.60429911 13.2481914   8.55908595 11.92984591]
 [ 2.94437147  1.83248501  1.46812435  1.16493394  1.94912881  1.039609
   1.73628618  1.32572877  1.54928776  1.04525796 25.66593857 14.92278263
  36.8581052  12.90842265 25.87834067 14.89887811 14.18819999  9.54893242
  24.00303121  8.39680346 15.22364265 10.55465501 14.05213927 11.00773045
  20.24585857  9.57005432 20.41232831  9.65852732 12.01325147  8.53002154]
 [ 1.83248501  2.94437147  1.16493394  1.46812435  1.039609    1.94912881
   1.32572877  1.73628618  1.04525796  1.54928776 14.92278263 25.66593857
  12.90842265 36.8581052  14.89887811 25.87834067  9.54893242 14.18819999
   8.39680346 24.00303121 10.55465501 15.22364265 11.00773045 14.05213927
   9.57005432 20.24585857  9.65852732 20.41232831  8.53002154 12.01325147]
 [ 6.31680688  1.60546789  1.11882606  1.57749229  1.67477366  1.09643234
   1.38150011  1.62950882  1.2203605   1.23062309 14.88474734 25.89017772
  25.87834067 14.89887811 36.8581052  12.91531818  9.46057503 14.49645128
  14.38730709  9.49819094 10.85427816 14.43110748 10.37299089 15.76899712
  13.39077977 11.33752302 17.45587355 10.08303654  9.87381025  9.79936949]
 [ 1.60546789  6.31680688  1.57749229  1.11882606  1.09643234  1.67477366
   1.62950882  1.38150011  1.23062309  1.2203605  25.89017772 14.88474734
  14.89887811 25.87834067 12.91531818 36.8581052  14.49645128  9.46057503
   9.49819094 14.38730709 14.43110748 10.85427816 15.76899712 10.37299089
  11.33752302 13.39077977 10.08303654 17.45587355  9.79936949  9.87381025]
 [ 1.3137994   2.28580695  3.37571344  0.82459638  1.30097762  1.02315979
   2.18690575  0.97627949  1.70988613  0.86147402 23.97325314  8.39126554
  14.18819999  9.54893242  9.46057503 14.49645128 36.8581052   6.2175537
  12.19139651  7.23121842 39.61025186  7.40405512 36.60942881  7.42097424
  17.8664255   7.95228707 11.42206915  9.5164386  12.22012173  7.14949238]
 [ 2.28580695  1.3137994   0.82459638  3.37571344  1.02315979  1.30097762
   0.97627949  2.18690575  0.86147402  1.70988613  8.39126554 23.97325314
   9.54893242 14.18819999 14.49645128  9.46057503  6.2175537  36.8581052
   7.23121842 12.19139651  7.40405512 39.61025186  7.42097424 36.60942881
   7.95228707 17.8664255   9.5164386  11.42206915  7.14949238 12.22012173]
 [ 2.26056247  1.31935527  1.42460704  0.96894431  3.38934415  0.82804619
   1.59044717  1.07684179  1.78094589  0.85322547 14.30824009  9.51672988
  24.00303121  8.39680346 14.38730709  9.49819094 12.19139651  7.23121842
  36.8581052   6.22136661 14.60996248  8.39623872 12.8220661   8.83431102
  39.36882871  7.39389257 36.83253918  7.46164311 13.0971619   6.997706  ]
 [ 1.31935527  2.26056247  0.96894431  1.42460704  0.82804619  3.38934415
   1.07684179  1.59044717  0.85322547  1.78094589  9.51672988 14.30824009
   8.39680346 24.00303121  9.49819094 14.38730709  7.23121842 12.19139651
   6.22136661 36.8581052   8.39623872 14.60996248  8.83431102 12.8220661
   7.39389257 39.36882871  7.46164311 36.83253918  6.997706   13.0971619 ]
 [ 1.56939646  2.33539831  3.5076444   1.0253554   1.70581269  1.2110662
   4.17002746  1.1138038   1.86926728  1.10434148 20.18575462  9.60417276
  15.22364265 10.55465501 10.85427816 14.43110748 39.61025186  7.40405512
  14.60996248  8.39623872 73.51669472  8.75243265 28.72512445  9.1837907
  21.6242595   9.55502808 14.58873795 11.00379509 13.2444645   9.32294096]
 [ 2.33539831  1.56939646  1.0253554   3.5076444   1.2110662   1.70581269
   1.1138038   4.17002746  1.10434148  1.86926728  9.60417276 20.18575462
  10.55465501 15.22364265 14.43110748 10.85427816  7.40405512 39.61025186
   8.39623872 14.60996248  8.75243265 73.51669472  9.1837907  28.72512445
   9.55502808 21.6242595  11.00379509 14.58873795  9.32294096 13.2444645 ]
 [ 1.48290905  2.71629441  9.52357791  0.98901805  1.48502461  1.32111897
   2.00984429  1.27312301  2.68453906  1.01622722 20.34108968  9.57637672
  14.05213927 11.00773045 10.37299089 15.76899712 36.60942881  7.42097424
  12.8220661   8.83431102 28.72512445  9.1837907  73.51669472  8.74276122
  19.93752649  9.71727254 12.68258336 12.16736215 19.07358899  8.31268193]
 [ 2.71629441  1.48290905  0.98901805  9.52357791  1.32111897  1.48502461
   1.27312301  2.00984429  1.01622722  2.68453906  9.57637672 20.34108968
  11.00773045 14.05213927 15.76899712 10.37299089  7.42097424 36.60942881
   8.83431102 12.8220661   9.1837907  28.72512445  8.74276122 73.51669472
   9.71727254 19.93752649 12.16736215 12.68258336  8.31268193 19.07358899]
 [ 2.08897354  1.66065997  2.29083612  1.08831374  3.48736782  1.02832861
   2.01886133  1.26933138  3.1383738   0.99650175 16.78153903 10.09559383
  20.24585857  9.57005432 13.39077977 11.33752302 17.8664255   7.95228707
  39.36882871  7.39389257 21.6242595   9.55502808 19.93752649  9.71727254
  73.51669472  8.72729726 28.59036727  9.21684674 20.88723047  8.17820773]
 [ 1.66065997  2.08897354  1.08831374  2.29083612  1.02832861  3.48736782
   1.26933138  2.01886133  0.99650175  3.1383738  10.09559383 16.78153903
   9.57005432 20.24585857 11.33752302 13.39077977  7.95228707 17.8664255
   7.39389257 39.36882871  9.55502808 21.6242595   9.71727254 19.93752649
   8.72729726 73.51669472  9.21684674 28.59036727  8.17820773 20.88723047]
 [ 3.27730547  1.42847217  1.4552206   1.34348799  9.52433313  0.995891
   1.78985703  1.3542476   1.83701293  1.11550073 13.2481914  11.60429911
  20.41232831  9.65852732 17.45587355 10.08303654 11.42206915  9.5164386
  36.83253918  7.46164311 14.58873795 11.00379509 12.68258336 12.16736215
  28.59036727  9.21684674 73.51669472  8.81795939 13.9684072   9.13474469]
 [ 1.42847217  3.27730547  1.34348799  1.4552206   0.995891    9.52433313
   1.3542476   1.78985703  1.11550073  1.83701293 11.60429911 13.2481914
   9.65852732 20.41232831 10.08303654 17.45587355  9.5164386  11.42206915
   7.46164311 36.83253918 11.00379509 14.58873795 12.16736215 12.68258336
   9.21684674 28.59036727  8.81795939 73.51669472  9.13474469 13.9684072 ]
 [ 1.53732157  1.52152844  2.16630193  0.96000032  1.70181807  1.02818732
   1.2576082   1.41841543  9.81364839  0.85702176 11.92984591  8.55908595
  12.01325147  8.53002154  9.87381025  9.79936949 12.22012173  7.14949238
  13.0971619   6.997706   13.2444645   9.32294096 19.07358899  8.31268193
  20.88723047  8.17820773 13.9684072   9.13474469 73.51669472  6.84259139]
 [ 1.52152844  1.53732157  0.96000032  2.16630193  1.02818732  1.70181807
   1.41841543  1.2576082   0.85702176  9.81364839  8.55908595 11.92984591
   8.53002154 12.01325147  9.79936949  9.87381025  7.14949238 12.22012173
   6.997706   13.0971619   9.32294096 13.2444645   8.31268193 19.07358899
   8.17820773 20.88723047  9.13474469 13.9684072   6.84259139 73.51669472]]","[[0.5        0.21335284 0.16400286 ... 0.         0.         0.        ]
 [0.21335284 0.5        0.27580056 ... 0.         0.         0.        ]
 [0.16400286 0.27580056 0.5        ... 0.         0.         0.        ]
 ...
 [0.         0.         0.         ... 0.         0.         0.        ]
 [0.         0.         0.         ... 0.         0.         0.        ]
 [0.         0.         0.         ... 0.         0.         0.        ]]","[327.1798711377754, 140.80799200891286, 97.70290126019397, 84.31061198201428, 65.21897527967768, 65.15218133958433, 57.51086355748859, 44.84997364868972, 44.351237653619314, 43.31507207142022, 42.99220281448188, 30.959373692004124, 29.1053579191061, 11.861110834343167, 10.853078064272651, 7.54924100468908, 4.508530833675192, 4.117859549893582, 2.4360469557967255, 0.9557664860923187, 0.19935451910763427, 0.19453996372745075, 0.0, 0.0, 0.0, 0.0, 0.0, 0.0, 0.0, 0.0, 0.0, 0.0, 0.0, 0.0, 0.0, 0.0, 0.0, 0.0, 0.0, 0.0, 0.0, 0.0, 0.0, 0.0, 0.0, 0.0, 0.0, 0.0, 0.0, 0.0, 0.0, 0.0, 0.0, 0.0, 0.0, 0.0, 0.0, 0.0, 0.0, 0.0, 0.0, 0.0, 0.0, 0.0, 0.0, 0.0, 0.0, 0.0, 0.0, 0.0, 0.0, 0.0, 0.0, 0.0, 0.0, 0.0, 0.0, 0.0, 0.0, 0.0, 0.0, 0.0, 0.0, 0.0, 0.0, 0.0, 0.0, 0.0, 0.0, 0.0, 0.0, 0.0, 0.0, 0.0, 0.0, 0.0, 0.0, 0.0, 0.0, 0.0, 0.0, 0.0, 0.0, 0.0, 0.0, 0.0, 0.0, 0.0, 0.0, 0.0, 0.0, 0.0, 0.0, 0.0, 0.0, 0.0, 0.0, 0.0, 0.0, 0.0, 0.0, 0.0, 0.0, 0.0, 0.0, 0.0, 0.0, 0.0, 0.0, 0.0, 0.0, 0.0, 0.0, 0.0, 0.0, 0.0, 0.0, 0.0, 0.0, 0.0, 0.0, 0.0, 0.0, 0.0, 0.0, 0.0, 0.0, 0.0, 0.0, 0.0, 0.0, 0.0, 0.0, 0.0, 0.0, 0.0, 0.0, 0.0, 0.0, 0.0, 0.0, 0.0, 0.0, 0.0, 0.0, 0.0, 0.0, 0.0, 0.0, 0.0, 0.0, 0.0, 0.0, 0.0, 0.0, 0.0, 0.0, 0.0, 0.0, 0.0, 0.0, 0.0, 0.0, 0.0, 0.0, 0.0, 0.0, 0.0, 0.0, 0.0, 0.0, 0.0, 0.0, 0.0, 0.0, 0.0, 0.0, 0.0, 0.0, 0.0, -0.790522690764023, -0.7994661198170864, -0.7996976108320246, -0.8750555675286094, -0.9089664088550257, -0.9226324334312482, -0.9260462153052168, -1.361756337671004]"
7117512,2.81,C12 H10 N2,182.22,14.0,1.0,P 1 21/c 1,90.0,92.165,90.0,4.0,9.0822,14.3844,7.6234,-100.1,298.0,-100.1,-100.1,995.2,0.71073,0.029,0.0206,10.0,-10.0,17.0,-17.0,9.0,-9.0,9419.0,25.0,25.0,2.24,0.074,-100.1,-100.1,96,"[[ 0.5         0.09400544  0.12528715 ...  1.26362071  2.28079841
   0.73276435]
 [ 0.09400544  0.5         0.12818385 ...  0.94404184  0.7985414
   0.52574066]
 [ 0.12528715  0.12818385  0.5        ...  0.73276435  0.94404184
   1.26362071]
 ...
 [ 1.26362071  0.94404184  0.73276435 ... 53.3587074  11.21428012
   3.65039225]
 [ 2.28079841  0.7985414   0.94404184 ... 11.21428012 53.3587074
   4.81535663]
 [ 0.73276435  0.52574066  1.26362071 ...  3.65039225  4.81535663
  53.3587074 ]]","[[0.5        0.09400544 0.12528715 ... 0.         0.         0.        ]
 [0.09400544 0.5        0.12818385 ... 0.         0.         0.        ]
 [0.12528715 0.12818385 0.5        ... 0.         0.         0.        ]
 ...
 [0.         0.         0.         ... 0.         0.         0.        ]
 [0.         0.         0.         ... 0.         0.         0.        ]
 [0.         0.         0.         ... 0.         0.         0.        ]]","[411.95348724829165, 155.72268190744245, 123.20642696853295, 108.42877452754928, 106.08800241602195, 89.18262144415881, 73.16532004649399, 72.44187174663865, 66.60402471054662, 63.70599698856377, 62.10079437342104, 60.05399436849516, 59.433892910637134, 59.40098160758846, 52.954031795400596, 52.39641145997082, 37.80170609416165, 35.10127426799829, 34.32502492757586, 33.23071055361813, 33.000757777915034, 32.94691323333211, 28.596797728950747, 27.889044277713385, 26.638862592820953, 26.31393000010486, 24.10732095461507, 23.972925405339918, 20.79888740573783, 20.79039893795781, 16.564076585037792, 16.440842528894397, 15.331850520371352, 15.270176061453167, 12.741726653382988, 12.72849068534551, 9.712144440524554, 9.461626768214801, 9.06982531010236, 9.053799718882878, 7.7740728905664795, 7.7510015070992715, 7.346476291567719, 7.2222419785506595, 7.183725029679017, 7.178550360798924, 6.986799249100725, 6.983478718600069, 6.021085425669227, 6.015941126763504, 5.782991619638059, 5.775351964747602, 4.06801757612082, 4.06677901530632, 2.597036164040273, 2.5675246751289804, 0.2753636426281007, 0.27243801949639035, 0.16295794252170365, 0.1626989918027141, 0.0, 0.0, 0.0, 0.0, 0.0, 0.0, 0.0, 0.0, 0.0, 0.0, 0.0, 0.0, 0.0, 0.0, 0.0, 0.0, 0.0, 0.0, 0.0, 0.0, 0.0, 0.0, 0.0, 0.0, 0.0, 0.0, 0.0, 0.0, 0.0, 0.0, 0.0, 0.0, 0.0, 0.0, 0.0, 0.0, 0.0, 0.0, 0.0, 0.0, 0.0, 0.0, 0.0, 0.0, 0.0, 0.0, 0.0, 0.0, 0.0, 0.0, 0.0, 0.0, 0.0, 0.0, 0.0, 0.0, 0.0, 0.0, 0.0, 0.0, 0.0, 0.0, 0.0, 0.0, 0.0, 0.0, 0.0, 0.0, 0.0, 0.0, 0.0, 0.0, 0.0, 0.0, 0.0, 0.0, 0.0, 0.0, 0.0, 0.0, 0.0, 0.0, 0.0, 0.0, 0.0, 0.0, 0.0, 0.0, 0.0, 0.0, 0.0, 0.0, 0.0, 0.0, 0.0, 0.0, 0.0, 0.0, 0.0, 0.0, 0.0, 0.0, 0.0, 0.0, 0.0, 0.0, 0.0, 0.0, 0.0, 0.0, 0.0, 0.0, -0.13313477322079448, -0.1345408251998363, -0.1642994650974097, -0.16453478999382834, -0.1829795400301678, -0.18582401666225293, -0.3984631812805709, -0.44383598294032783, -0.4715891348300744, -0.48333394555521497, -0.5627091524032197, -0.5638613395169292, -0.5733561252939962, -0.5736312510700702, -0.6458468190379799, -0.6921716186383228, -0.7446163289675142, -0.7447061850600553, -0.7482480575672036, -0.7483365289368354, -0.8204106202757498, -0.820609707960552, -0.9531621880262368, -0.9698404212899224, -1.0696467518579553, -1.0700535935567606, -1.1079764658379714, -1.1086630488793892, -1.1596056356118682, -1.1598158308935125, -1.452524079368084, -1.4525358066815004, -1.4847290452013784, -1.484775052555987, -1.6938730450363473, -1.6960110142260694]"
1513913,1.69,C20 H23 N O7,389.39,2.0,-100.1,P -1,70.291,82.861,67.216,2.0,9.0867,10.101,11.628,2968.0,153.0,32.0,1.8,926.3,0.71073,0.0208,-100.1,11.0,-11.0,13.0,-13.0,15.0,-15.0,9212.0,25.242,27.476,3.051,0.106,1.0,0.884,102,"[[ 0.5         0.12900297  0.42937673 ...  0.99938568  1.35752741
   1.57317868]
 [ 0.12900297  0.5         0.14601709 ...  1.00024792  1.57317868
   1.35752741]
 [ 0.42937673  0.14601709  0.5        ...  0.98955718  1.23754678
   2.40816732]
 ...
 [ 0.99938568  1.00024792  0.98955718 ... 73.51669472  6.81082253
  10.08842162]
 [ 1.35752741  1.57317868  1.23754678 ...  6.81082253 73.51669472
   8.18858013]
 [ 1.57317868  1.35752741  2.40816732 ... 10.08842162  8.18858013
  73.51669472]]","[[0.5        0.12900297 0.42937673 ... 0.         0.         0.        ]
 [0.12900297 0.5        0.14601709 ... 0.         0.         0.        ]
 [0.42937673 0.14601709 0.5        ... 0.         0.         0.        ]
 ...
 [0.         0.         0.         ... 0.         0.         0.        ]
 [0.         0.         0.         ... 0.         0.         0.        ]
 [0.         0.         0.         ... 0.         0.         0.        ]]","[526.116177359504, 190.78415115970188, 143.11222827580053, 111.34303294427136, 109.76780008766659, 95.95934891796283, 88.66132270555855, 81.27694416701137, 73.1261383109235, 69.98837844538872, 68.03843483479913, 62.83472028529503, 58.88451826522865, 53.73802732044708, 53.42919264060209, 52.42516902918356, 50.09168729948252, 47.87884912141086, 46.130193522624985, 46.101614457720764, 36.363124518238045, 35.75798010156676, 35.67065606360714, 35.12205084566068, 34.159667371796594, 34.14922959561785, 28.61288516332096, 28.6110565231389, 26.623962271838312, 25.886290979650894, 25.688033745209015, 25.19742407229215, 23.83065289493352, 23.753614566910226, 19.09745180424062, 18.91143909396805, 16.188264856725503, 16.143145729762853, 14.23674883372933, 14.228453387956325, 11.35352599426283, 11.351889840280876, 9.836677093004544, 9.790602580121359, 9.125990391711689, 8.771449149524686, 7.2831340940097276, 7.23486878603322, 6.284924027515894, 6.102499887978148, 5.367078937919439, 5.340166418585579, 3.501643692963061, 3.493752367320789, 1.1434846804169252, 1.1321788569734954, 0.2732127500387654, 0.2660295118946929, 0.2202721707178529, 0.21814050935366222, 0.18620072288665315, 0.18273615617062205, 0.17386259648224425, 0.1706951560360484, 0.0, 0.0, 0.0, 0.0, 0.0, 0.0, 0.0, 0.0, 0.0, 0.0, 0.0, 0.0, 0.0, 0.0, 0.0, 0.0, 0.0, 0.0, 0.0, 0.0, 0.0, 0.0, 0.0, 0.0, 0.0, 0.0, 0.0, 0.0, 0.0, 0.0, 0.0, 0.0, 0.0, 0.0, 0.0, 0.0, 0.0, 0.0, 0.0, 0.0, 0.0, 0.0, 0.0, 0.0, 0.0, 0.0, 0.0, 0.0, 0.0, 0.0, 0.0, 0.0, 0.0, 0.0, 0.0, 0.0, 0.0, 0.0, 0.0, 0.0, 0.0, 0.0, 0.0, 0.0, 0.0, 0.0, 0.0, 0.0, 0.0, 0.0, 0.0, 0.0, 0.0, 0.0, 0.0, 0.0, 0.0, 0.0, 0.0, 0.0, 0.0, 0.0, 0.0, 0.0, 0.0, 0.0, 0.0, 0.0, 0.0, 0.0, 0.0, 0.0, 0.0, 0.0, 0.0, 0.0, 0.0, 0.0, 0.0, 0.0, 0.0, 0.0, 0.0, 0.0, 0.0, 0.0, -0.09020964868084659, -0.09215470142961132, -0.11620027137937151, -0.11659706355791083, -0.12547236157317382, -0.1274847307384299, -0.13754186783910435, -0.1452576636758292, -0.149859930407215, -0.15376909962895763, -0.1626607274481595, -0.1626843615508624, -0.19454890474058598, -0.19483166598071336, -0.47158802537610855, -0.4723231213998996, -0.49274163298375323, -0.493106010664878, -0.5739467349506426, -0.5744875681571542, -0.6185092205508224, -0.6187055855808011, -0.8518683640102303, -0.8521084030005394, -0.865142882761619, -0.8651950689644793, -0.8719032115933415, -0.8720199224725007, -0.9992496749307496, -0.9995463808168655, -1.0508325030825953, -1.0521137550235324, -1.1679715067773995, -1.1683442749716104, -1.3422354428298389, -1.3425609141617365, -1.4318301908483528, -1.4321256943714484]"
4024901,2.17,C26 H23 N2 S2,427.58,2.0,3.0,P -1,96.779,101.894,97.749,2.0,9.4168,9.8111,11.9374,4743.0,120.0,27.48,2.91,1057.19,0.71073,0.065,0.0602,12.0,-12.0,12.0,-12.0,15.0,-15.0,21657.0,27.48,27.48,3.33,0.268,0.992,0.926,106,"[[ 0.5         0.08255128  0.62617822 ...  0.5855104   0.65060209
   1.12363352]
 [ 0.08255128  0.5         0.09342109 ...  3.47272233  1.12363352
